[{"nodes": [{"trim": [false, true], "ctermNodeId": 1, "tran": [-82.23705350386885, -41.55469575795781, -39.56425397652983], "name": "D14", "cap": [true, false], "rot": [[-0.975085163873738, 0.21883336255237323, 0.036343948978579066], [-0.04224532390835489, -0.022347458607802906, -0.9988573089794455], [-0.21777110873853814, -0.9755063047094052, 0.03103536162172893]], "id": 0}, {"trim": [true, true], "ctermNodeId": 2, "tran": [-75.5892394054083, -54.03364333043703, -73.25031595165461], "name": "D14_j1_D79", "cap": [false, false], "rot": [[-0.8059458848926045, -0.5918833050405631, -0.011197492529083114], [-0.0717937221788153, 0.11649932826322335, -0.9905925337745773], [0.5876196831968752, -0.7975600665332249, -0.13638565977085776]], "id": 1}, {"trim": [true, true], "ctermNodeId": 3, "tran": [-84.58383027419842, -61.42389963111741, -112.31645184640155], "name": "D79_j1_D54", "cap": [false, false], "rot": [[-0.7932669949844191, 0.29686472634964645, -0.5316002341212342], [0.6027507715938488, 0.5063886261677332, -0.6166539277674132], [0.08613351270799077, -0.8095936595214355, -0.580636826640612]], "id": 2}, {"trim": [true, true], "ctermNodeId": 4, "tran": [-97.65151569374888, -103.20793391859598, -119.30472233467768], "name": "D54_j1_D79", "cap": [false, false], "rot": [[-0.3874108376062291, -0.24214564757358087, -0.8895382668926741], [-0.19815644347774158, -0.9204649992442946, 0.33686526843005954], [-0.9003592987321789, 0.3067729951077458, 0.3086153960176512]], "id": 3}, {"trim": [true, true], "ctermNodeId": 5, "tran": [-114.52078645577728, -138.24798942414063, -127.52521905772443], "name": "D79_j2_D14", "cap": [false, false], "rot": [[-0.5784754096682233, -0.3565521920235516, -0.7336461918202746], [0.748126722827074, -0.5903438888448173, -0.30298597244032666], [-0.32507323328938037, -0.7241302557322011, 0.608245645880024]], "id": 4}, {"trim": [true, true], "ctermNodeId": 6, "tran": [-148.70188017663583, -151.76456239660888, -94.53416523467277], "name": "D14_j1_D79", "cap": [false, false], "rot": [[0.6383952133487723, 0.27846928544231964, 0.7175697935661928], [-0.769696045594534, 0.23631334339156768, 0.5930632353562671], [-0.004421421662648639, -0.9309193632105557, 0.3651980150961085]], "id": 5}, {"trim": [true, true], "ctermNodeId": 7, "tran": [-168.29739822076274, -141.65694316380663, -61.33868556909012], "name": "D79_j2_D14", "cap": [false, false], "rot": [[-0.19981043184355643, 0.9196414260910524, 0.3381352373588317], [-0.9754378032078613, -0.15403873487740338, -0.15745843969249662], [-0.09271937984865125, -0.3612917319488333, 0.9278315585416901]], "id": 6}, {"trim": [true, true], "ctermNodeId": 8, "tran": [-152.16481601827442, -150.6038336141815, -18.032791829280146], "name": "D14_j1_D18", "cap": [false, false], "rot": [[0.21078896400774355, -0.7113168651888737, -0.6705194478539939], [0.8630042624541991, -0.18675000086600513, 0.46941248402917524], [-0.4591205240875567, -0.6776081127572369, 0.5745046474025637]], "id": 7}, {"trim": [true, true], "ctermNodeId": 9, "tran": [-150.0174322274506, -141.0021912574229, 16.145994385431152], "name": "D18_j1_D14", "cap": [false, false], "rot": [[-0.5647094801323241, -0.18481760308800205, -0.8043293210106769], [-0.6351205735834933, -0.5250189978283268, 0.5665482406029649], [-0.52699626190293, 0.8307812621311037, 0.1791017432416503]], "id": 8}, {"trim": [true, true], "ctermNodeId": 10, "tran": [-135.31853938761228, -116.20205928253176, 34.169302076530805], "name": "D14", "cap": [false, false], "rot": [[0.034569311639528144, -0.3763493710343716, -0.9258326596177153], [0.5344716551259914, 0.7897436887848499, -0.3010730075768698], [0.8444791368409647, -0.4844234273304045, 0.22844896693532135]], "id": 9}, {"trim": [true, true], "ctermNodeId": 11, "tran": [-110.92693200735039, -91.52164699166825, 28.264199047906338], "name": "D14_j4_D79", "cap": [false, false], "rot": [[0.5772130707317387, -0.5612566339751928, -0.5931408448212642], [0.24186303033729517, 0.8112732000475225, -0.5322950962020183], [0.779953425232882, 0.16378884486891654, 0.6040247252919458]], "id": 10}, {"trim": [true, true], "ctermNodeId": 12, "tran": [-107.46120949125486, -60.689048449857694, 12.003232886347384], "name": "D79", "cap": [false, false], "rot": [[0.8108292538900992, 0.5388662685358325, -0.22842737504575877], [-0.37183589540166173, 0.17287416627380287, -0.9120595317883543], [-0.4519889245621802, 0.8244620471976922, 0.3405412527194338]], "id": 11}, {"trim": [true, true], "ctermNodeId": 13, "tran": [-106.42886322257428, -33.693505506401785, 19.80481423952584], "name": "D79_j2_D14", "cap": [false, false], "rot": [[-0.10227187750415845, 0.8769206646713601, -0.46962816242653005], [-0.8972470366114126, 0.12252770933594714, 0.4241871234926049], [0.42952091725993835, 0.4647548905791411, 0.7742833288396178]], "id": 12}, {"trim": [true, true], "ctermNodeId": 14, "tran": [-69.3538816763932, -11.601172880071442, 34.507300854806424], "name": "D14_j3_D54", "cap": [false, false], "rot": [[0.8102794784473715, -0.48399627558267805, 0.33044632246275857], [0.37056174607274434, -0.013696760254797963, -0.9287068380851142], [0.45401669479720863, 0.8749628586292237, 0.16825230121694723]], "id": 13}, {"trim": [true, true], "ctermNodeId": 15, "tran": [-50.00446622537552, 11.357214452217992, 39.775787245460755], "name": "D54", "cap": [false, false], "rot": [[0.7645146159001421, -0.3946463302044078, 0.5096780122109084], [-0.34458905930546824, 0.4180113718347503, 0.8405503394941983], [-0.5447713119117399, -0.818242486719572, 0.18358499569664186]], "id": 14}, {"trim": [true, true], "ctermNodeId": 16, "tran": [-38.79192694199259, 27.457396277619328, 41.085715997203344], "name": "D54", "cap": [false, false], "rot": [[0.5577041084597877, -0.16306688595209234, 0.8138644347266759], [-0.5116937140414793, 0.7044920019411748, 0.49179321082276206], [-0.6535561723505624, -0.6907244095200402, 0.30945778334964763]], "id": 15}, {"trim": [true, true], "ctermNodeId": 17, "tran": [-26.767754307794608, 42.93432708446946, 39.49301684481966], "name": "D54", "cap": [false, false], "rot": [[0.30190127574283165, 0.16535782828808526, 0.9388889222526329], [-0.5503191623842644, 0.8344153217487932, 0.029998172336804185], [-0.7784628695175774, -0.5257450517643624, 0.34291063169250424]], "id": 16}, {"trim": [true, true], "ctermNodeId": 18, "tran": [-6.956424084565126, 68.19066280844383, 35.937475328517806], "name": "D54_j1_D79", "cap": [false, false], "rot": [[-0.32191442688219396, 0.7780053717321994, 0.5395171390428293], [0.726016234853261, 0.5686080733479308, -0.3867625701293391], [-0.607677158114907, 0.2671937508240072, -0.7478876727330107]], "id": 17}, {"trim": [true, true], "ctermNodeId": 19, "tran": [8.531255738394993, 104.73928427922665, 33.86759742515782], "name": "D79_j2_D14", "cap": [false, false], "rot": [[-0.2803964637492432, 0.9099676509319163, 0.3055105519853234], [0.7494962839864038, 0.008706906978685036, 0.6619512897951376], [0.5996942082490855, 0.4145878242644373, -0.6844587588483233]], "id": 18}, {"trim": [true, true], "ctermNodeId": 20, "tran": [12.105338162623415, 120.44196884015999, 5.812157700920743], "name": "D14", "cap": [false, false], "rot": [[-0.059976917139779595, -0.9583124881274809, 0.279356303865384], [-0.2513703640740306, -0.25634101972614803, -0.9333285711211556], [0.9660309050313569, -0.12620006618334206, -0.22551681493765213]], "id": 19}, {"trim": [true, true], "ctermNodeId": 21, "tran": [13.533743730009945, 122.85123577024119, -12.687669366310555], "name": "D14", "cap": [false, false], "rot": [[0.2604886535906375, -0.7436210406516941, 0.6157705816703454], [-0.04340789871648554, -0.6461644819417168, -0.7619627396441504], [0.9645006042919626, 0.17175334109439705, -0.20059754271514402]], "id": 20}, {"trim": [true, true], "ctermNodeId": 22, "tran": [15.918242679270406, 118.85037323884124, -30.80936285474045], "name": "D14", "cap": [false, false], "rot": [[0.4451679378824458, -0.3202329328579118, 0.8362274665392905], [0.271940601352532, -0.8414108324444647, -0.46698621005458163], [0.8531552123837243, 0.4352914882677322, -0.28748478885698686]], "id": 21}, {"trim": [true, true], "ctermNodeId": 23, "tran": [29.502546496028813, 102.24005132004619, -57.55889231653376], "name": "D14_j5_D79", "cap": [false, false], "rot": [[0.8629189512217765, -0.499561696795914, -0.07621676138948813], [-0.505322767497597, -0.8516874026565303, -0.13884332466757265], [0.004447951313010401, 0.1583246009013248, -0.9873770994298793]], "id": 22}, {"trim": [true, true], "ctermNodeId": 24, "tran": [52.06333898493094, 87.61817983388785, -86.7630066106924], "name": "D79_j2_D14", "cap": [false, false], "rot": [[0.15940336577014919, 0.22292017180691343, -0.9617157396979265], [0.9213903432151999, 0.3161669039561849, 0.2260051421373864], [0.3544437930207379, -0.9221415758137907, -0.15499842497502098]], "id": 23}, {"trim": [true, true], "ctermNodeId": 25, "tran": [41.22584689153012, 41.20606565574499, -99.72136174821532], "name": "D14_j1_D79", "cap": [false, false], "rot": [[-0.060675565341172855, -0.2166856966833376, 0.9743540345394949], [-0.6805919005026978, -0.7050682993689482, -0.1991817215386679], [0.7301459722142258, -0.6752229276896916, -0.10469411244911353]], "id": 24}, {"trim": [true, true], "ctermNodeId": 26, "tran": [17.746708514465496, 16.28173526048896, -102.51100545005949], "name": "D79", "cap": [false, false], "rot": [[-0.5939362427697369, -0.1500469084653259, 0.7903958911738909], [-0.7912278325057868, 0.2867430913918959, -0.5401267597585013], [-0.14559621077749618, -0.9461840861053522, -0.28902840450069667]], "id": 25}, {"trim": [true, true], "ctermNodeId": 27, "tran": [12.813639360732896, -5.0008213565236055, -103.94564251092558], "name": "D79", "cap": [false, false], "rot": [[-0.7508656271572621, -0.3455880806994322, 0.5628229636681635], [-0.4441367981587997, -0.36650322519037004, -0.8175682787671688], [0.4888182836954683, -0.8638543073942166, 0.12170629039403563]], "id": 26}, {"trim": [true, true], "ctermNodeId": 28, "tran": [15.808554577540939, -29.781963197111274, -90.99901201641111], "name": "D79_j2_D14", "cap": [false, false], "rot": [[-0.349726651331168, -0.9245369395672529, -0.15140249906889636], [0.9019191695156976, -0.2885415510872141, -0.3213807476441313], [0.25344246094292205, -0.2489482288987081, 0.9347682591527134]], "id": 27}, {"trim": [true, true], "ctermNodeId": 29, "tran": [7.008866263865872, -36.53021226489588, -60.61015409418963], "name": "D14", "cap": [false, false], "rot": [[0.2296882029300148, 0.8292573535810852, -0.5094855944641374], [-0.4757426122604662, 0.552341349214342, 0.6845348791900011], [0.8490655430026413, 0.08515442137537921, 0.5213793515338494]], "id": 28}, {"trim": [true, true], "ctermNodeId": 30, "tran": [1.9778777726613543, -33.35711991904932, -42.87011038260644], "name": "D14", "cap": [false, false], "rot": [[0.5889175961849606, 0.4899147941542869, -0.6427748901228878], [-0.14885293808687197, 0.847468442559187, 0.5095488609438863], [0.7943669603694724, -0.2044033594026, 0.5720143345566601]], "id": 29}, {"trim": [true, true], "ctermNodeId": 31, "tran": [-0.7318937933591414, -24.329740931789512, -26.70681623187246], "name": "D14", "cap": [false, false], "rot": [[0.7428310875036118, 0.0025104945664640166, -0.6694741763916165], [0.27667959892077487, 0.9094481762774781, 0.31040685270561835], [0.6096313435013339, -0.4158097065757367, 0.6748717751826339]], "id": 30}, {"trim": [true, false], "ctermNodeId": -1, "tran": [0, 0, 0], "name": "D14_j1_D81", "cap": [false, true], "rot": [[1, 0, 0], [0, 1, 0], [0, 0, 1]], "id": 31}], "name": "c1"}]