[{"directed": true, "nodes": [{"tran": [-41.81362932917047, -21.113970401527368, -33.37305525187311], "rot": [[-0.9430062405585031, 0.32882684906027565, -0.05110903643007991], [0.08082385056842284, 0.07733287603741779, -0.9937238708328748], [-0.3228106805033154, -0.9412186407104741, -0.09950243681495453]], "id": 0, "name": "D14"}, {"tran": [-32.8925576315918, -31.573255393865434, -68.31697734531544], "rot": [[-0.845456473577727, -0.5228460343390435, -0.1087905127364158], [0.03681010947898394, 0.1461732764917369, -0.9885739168518519], [0.5327742177749052, -0.8398008082965905, -0.10433712310933307]], "id": 1, "name": "D14_j1_D79"}, {"tran": [-38.613072535908955, -37.67380458727803, -107.56645487686208], "rot": [[-0.6766768567514727, 0.3900603258509388, -0.6244688733107566], [0.7316372103304195, 0.4513215627193892, -0.5108970928518293], [0.0825555812581454, -0.8025969033217046, -0.5907815051112727]], "id": 2, "name": "D79_j1_D54"}, {"tran": [-54.868671184454044, -78.41371971251435, -117.78373573240566], "rot": [[-0.2958004571299585, -0.2104172429814084, -0.9317868175810424], [-0.3324576255384868, -0.8917792187936494, 0.30692303945631205], [-0.8955300200345158, 0.4005676082559505, 0.19383388360420445]], "id": 3, "name": "D54_j1_D79"}, {"tran": [-73.84618696610312, -111.41404716569521, -128.00166095865694], "rot": [[-0.5421658754419182, -0.3269983045207276, -0.7740337669293669], [0.7103546792268679, -0.6704139825047174, -0.21433926789708818], [-0.4488344830856841, -0.6660459450388806, 0.595760359448722]], "id": 4, "name": "D79_j2_D14"}, {"tran": [-112.38540228292175, -120.15189661330159, -96.69902116745352], "rot": [[0.6379536700263281, 0.2000715052552538, 0.7436306258384155], [-0.7628884486311659, 0.29581506648767564, 0.5748866509008759], [-0.1049587054277728, -0.9340582632918515, 0.34134854757437605]], "id": 5, "name": "D14_j1_D79"}, {"tran": [-131.9600293707092, -109.13855366037626, -64.08933971159021], "rot": [[-0.12173701835958095, 0.9121389937327185, 0.39138542956168254], [-0.9808424796692832, -0.050135166494095385, -0.1882405247464592], [-0.15207934914751664, -0.4068032954547854, 0.9007679780997935]], "id": 6, "name": "D79_j2_D14"}, {"tran": [-117.76427120157432, -122.43707148237077, -21.394276382925838], "rot": [[0.20247878461214747, -0.6582087608523515, -0.7250955584743278], [0.821496622761073, -0.28887404307432873, 0.49162494447499444], [-0.5330531310987112, -0.6952071737080274, 0.48222540896426935]], "id": 7, "name": "D14_j1_D18"}, {"tran": [-116.95271208612304, -116.27567347711431, 13.669986759101665], "rot": [[-0.5074508319894638, -0.0729948047262487, -0.8585833748659322], [-0.7129085857557416, -0.5241074096723977, 0.4659106904571282], [-0.4839989684585604, 0.8485182270343208, 0.21392011808519468]], "id": 8, "name": "D18_j1_D14"}, {"tran": [-103.24894730923664, -94.50433499968743, 34.920512611922064], "rot": [[0.020217453230011395, -0.3163285124117953, -0.9484342501303029], [0.5654430858327402, 0.785958960768253, -0.25008524281140054], [0.824539490424105, -0.5312295024030849, 0.19475585872504492]], "id": 9, "name": "D14"}, {"tran": [-77.63584161098083, -70.41674442221017, 30.57627897170683], "rot": [[0.5632367985827786, -0.5483060984838027, -0.6181623824592472], [0.2846256560053339, 0.8310703431254861, -0.47781829257660285], [0.7757271070845455, 0.09317997178985143, 0.624151382431765]], "id": 10, "name": "D14_j4_D79"}, {"tran": [-73.26901819909284, -41.5775209343887, 14.843634754090107], "rot": [[0.7794377338130759, 0.5803924801107959, -0.23584187104748294], [-0.3420876737476156, 0.07892248400218366, -0.9363478333337814], [-0.5248360149401753, 0.8105034303133853, 0.2600602754592714]], "id": 11, "name": "D79"}, {"tran": [-74.53448499659976, -14.375875981423974, 20.671876709280934], "rot": [[-0.12379869268175181, 0.8499891851712792, -0.5120471353129064], [-0.9224421390086295, 0.09162001750907003, 0.37510834777811053], [0.3657518063816993, 0.51877177784022, 0.7727234037124925]], "id": 12, "name": "D79_j2_D14"}, {"tran": [-39.46122422005419, 10.16872320428542, 35.77711691417174], "rot": [[0.8278361364930088, -0.3945856807946739, 0.3987348387439126], [0.3931541202286336, -0.09891606346609899, -0.9141364505015752], [0.400146434275729, 0.9135194321415254, 0.0732466943707733]], "id": 13, "name": "D14_j3_D54"}, {"tran": [-21.734309678420054, 34.26927850019451, 38.27873897602342], "rot": [[0.7764685493263768, -0.25396713003880733, 0.5767124836232046], [-0.39630276077643506, 0.5147470936295641, 0.7602496638610838], [-0.4899395000487007, -0.8188627030581922, 0.2990370542796681]], "id": 14, "name": "D54"}, {"tran": [-12.07663283155095, 50.67410051632886, 37.13889365485139], "rot": [[0.5507819299650831, 0.046326135660693046, 0.8333625590213933], [-0.5971413404928068, 0.7194685657977896, 0.3546649155235486], [-0.583147910138066, -0.6929782622735146, 0.42393353596759376]], "id": 15, "name": "D54"}, {"tran": [-2.0510471272111364, 66.32046922823147, 32.85322775187561], "rot": [[0.26571664171657206, 0.3980680396651267, 0.8780298981879989], [-0.6557252518344974, 0.7422662923891901, -0.1380765921124622], [-0.7066958754807139, -0.5390571277517521, 0.45825577202974593]], "id": 16, "name": "D54"}, {"tran": [15.25069932303527, 92.85877640571492, 24.007569207571667], "rot": [[-0.3883010339245968, 0.8377147601353205, 0.38400037461506664], [0.6465968951820662, 0.5445765107695788, -0.534180567841009], [-0.6566085303999653, 0.04087058317976067, -0.7531233851345631]], "id": 17, "name": "D54_j1_D79"}, {"tran": [26.579150248266668, 129.18183994326313, 13.718012945466445], "rot": [[-0.35183718378423423, 0.9321218067624959, 0.08578772327437217], [0.7619069277274426, 0.23193133931560617, 0.6047360476474], [0.543790795791644, 0.278130888613779, -0.7917921313142726]], "id": 18, "name": "D79_j2_D14"}, {"tran": [27.727725195614934, 137.9876839586634, -17.12275041114757], "rot": [[0.002026670174172407, -0.8384143397006676, 0.5450296208393606], [-0.27624639245079186, -0.5242911844633036, -0.8054853720285597], [0.961084711805327, -0.14893001335647424, -0.23267150202745518]], "id": 19, "name": "D14"}, {"tran": [27.82609317504286, 135.28985973482955, -36.231154380599904], "rot": [[0.2882005796610566, -0.5695186646405044, 0.7697979712295469], [-0.058373047801000194, -0.812861631131379, -0.5795244221988021], [0.9557892095924982, 0.1220838206337383, -0.267511733510917]], "id": 20, "name": "D14"}, {"tran": [29.220897177877593, 126.89741416079647, -53.55282904393522], "rot": [[0.4567290771180247, -0.16289449213933, 0.8745649973247188], [0.2432451811325043, -0.9227615620079035, -0.29890279613370796], [0.8557045821840226, 0.34925131941254534, -0.38182873636993764]], "id": 21, "name": "D14"}, {"tran": [42.51147842487383, 105.25087521458232, -76.45396012297802], "rot": [[0.8389219447785703, -0.5433646647563594, 0.03106141759726766], [-0.5437023183176444, -0.8392728409032532, 0.002981204153085757], [0.024449123194130118, -0.019389162343755206, -0.9995130318103133]], "id": 22, "name": "D14_j5_D79"}, {"tran": [64.59849443356356, 84.84687827665016, -101.85617872575736], "rot": [[0.18934079549049349, -0.0028568872269680856, -0.9819072773731736], [0.9341176980910497, 0.3087097069143383, 0.17922734994956108], [0.3026122754881347, -0.9511520146917825, 0.06112001040295928]], "id": 23, "name": "D79_j2_D14"}, {"tran": [50.7789332065969, 36.40780416589666, -103.89387715536559], "rot": [[-0.03063323279819863, 0.029817438302879362, 0.9990858448708918], [-0.6831904711423336, -0.7302397304203747, 0.0008463190269867166], [0.7295974130907049, -0.6825400035812061, 0.042740593382862235]], "id": 24, "name": "D14_j1_D79"}, {"tran": [27.83625518039035, 14.173386766985544, -101.53847956637411], "rot": [[-0.6386849027542906, 0.011438736943053272, 0.7693833571704616], [-0.7334276546157179, 0.2933785099499933, -0.6131989280359258], [-0.23273476413855898, -0.9559279288715598, -0.17898693908969984]], "id": 25, "name": "D79"}, {"tran": [21.31273316859852, -3.8138515881902038, -102.85692417870453], "rot": [[-0.8074293986004831, -0.312977664975135, 0.5001027369474939], [-0.4236344255578218, -0.2823847478730432, -0.8606931669596145], [0.41059912293861184, -0.9068097018643934, 0.09541763383491064]], "id": 26, "name": "D79"}, {"tran": [21.638155248593918, -29.172718970766258, -91.35382702212269], "rot": [[-0.4125241205735487, -0.8911728943490406, -0.18877161418649288], [0.8904039677499247, -0.35070849891099537, -0.29014534807021775], [0.19236586017329554, -0.2877749488213841, 0.9381795961704973]], "id": 27, "name": "D79_j2_D14"}, {"tran": [10.790231348617084, -36.163756191325845, -61.96909045204322], "rot": [[0.29744219153827123, 0.7984627000059168, -0.5234362037461404], [-0.47364978286259907, 0.5994338117222674, 0.6452402564613631], [0.8289656361316329, 0.056003768296198575, 0.5564885911224977]], "id": 28, "name": "D14"}, {"tran": [4.515041390189806, -32.338690279760755, -44.125046744976686], "rot": [[0.608414788018, 0.4865411366078477, -0.6269841848957242], [-0.15624367590565977, 0.8480035539081531, 0.5064364583031407], [0.7780869870782439, -0.21016111664027023, 0.5919568781524672]], "id": 29, "name": "D14"}, {"tran": [0.7788703714283862, -23.115431495415237, -27.590490277462212], "rot": [[0.750955041834967, 0.05822465620976297, -0.6577814337239216], [0.23581729145855665, 0.9067800284877012, 0.34948560054027006], [0.6168117461525784, -0.4175642098469384, 0.6672206535046024]], "id": 30, "name": "D14"}, {"tran": [0, 0, 0], "rot": [[1, 0, 0], [0, 1, 0], [0, 0, 1]], "id": 31, "name": "D14_j1_D81"}], "edges": [[0, 1], [1, 2], [2, 3], [3, 4], [4, 5], [5, 6], [6, 7], [7, 8], [8, 9], [9, 10], [10, 11], [11, 12], [12, 13], [13, 14], [14, 15], [15, 16], [16, 17], [17, 18], [18, 19], [19, 20], [20, 21], [21, 22], [22, 23], [23, 24], [24, 25], [25, 26], [26, 27], [27, 28], [28, 29], [29, 30], [30, 31]]}]