{
    "singlesData":{
        "D14":{
            "linkCount":14,
            "radii":{
                "avgAll":11.325864698541814,
                "maxCA":17.117369119118024,
                "maxHeavy":21.738502585826669
            }
        },
        "D54_j1_D79":{
            "linkCount":3,
            "radii":{
                "avgAll":16.196548155789596,
                "maxCA":26.521100833095574,
                "maxHeavy":28.103445868231187
            }
        },
        "D71":{
            "linkCount":1,
            "radii":{
                "avgAll":16.820571468011682,
                "maxCA":31.375870734616708,
                "maxHeavy":31.984924854949071
            }
        },
        "D76":{
            "linkCount":1,
            "radii":{
                "avgAll":16.383108615944071,
                "maxCA":29.942671440651839,
                "maxHeavy":32.591923306283945
            }
        },
        "D14_j1_D14":{
            "linkCount":14,
            "radii":{
                "avgAll":11.325864698541814,
                "maxCA":17.117369119118024,
                "maxHeavy":21.738502585826669
            }
        },
        "D14_j1_D18":{
            "linkCount":2,
            "radii":{
                "avgAll":11.325864698541814,
                "maxCA":17.117369119118024,
                "maxHeavy":21.738502585826669
            }
        },
        "D79":{
            "linkCount":3,
            "radii":{
                "avgAll":17.614358465243516,
                "maxCA":32.810310363363321,
                "maxHeavy":34.588055850771774
            }
        },
        "D18":{
            "linkCount":2,
            "radii":{
                "avgAll":16.880514008336867,
                "maxCA":28.109231141523164,
                "maxHeavy":29.610693207567049
            }
        },
        "D14_j2_D14":{
            "linkCount":14,
            "radii":{
                "avgAll":11.325864698541814,
                "maxCA":17.117369119118024,
                "maxHeavy":21.738502585826669
            }
        },
        "D14_j2_D79":{
            "linkCount":3,
            "radii":{
                "avgAll":11.325864698541814,
                "maxCA":17.117369119118024,
                "maxHeavy":21.738502585826669
            }
        },
        "D53":{
            "linkCount":3,
            "radii":{
                "avgAll":12.098676474905076,
                "maxCA":22.125075084224601,
                "maxHeavy":25.226424008090682
            }
        },
        "D54":{
            "linkCount":2,
            "radii":{
                "avgAll":16.196548155789596,
                "maxCA":26.521100833095574,
                "maxHeavy":28.103445868231187
            }
        },
        "D14_j2_D71":{
            "linkCount":1,
            "radii":{
                "avgAll":11.325864698541814,
                "maxCA":17.117369119118024,
                "maxHeavy":21.738502585826669
            }
        },
        "D14_j2_D54":{
            "linkCount":2,
            "radii":{
                "avgAll":11.325864698541814,
                "maxCA":17.117369119118024,
                "maxHeavy":21.738502585826669
            }
        },
        "D53_j1_D79":{
            "linkCount":3,
            "radii":{
                "avgAll":12.098676474905076,
                "maxCA":22.125075084224601,
                "maxHeavy":25.226424008090682
            }
        },
        "D79_j2_D14":{
            "linkCount":14,
            "radii":{
                "avgAll":17.614358465243516,
                "maxCA":32.810310363363321,
                "maxHeavy":34.588055850771774
            }
        },
        "D53_j1_D4":{
            "linkCount":2,
            "radii":{
                "avgAll":12.098676474905076,
                "maxCA":22.125075084224601,
                "maxHeavy":25.226424008090682
            }
        },
        "D79_j1_D54":{
            "linkCount":2,
            "radii":{
                "avgAll":17.614358465243516,
                "maxCA":32.810310363363321,
                "maxHeavy":34.588055850771774
            }
        },
        "D14_j4_D79":{
            "linkCount":3,
            "radii":{
                "avgAll":11.325864698541814,
                "maxCA":17.117369119118024,
                "maxHeavy":21.738502585826669
            }
        },
        "D8":{
            "linkCount":1,
            "radii":{
                "avgAll":11.902050174947162,
                "maxCA":23.227920490903067,
                "maxHeavy":24.806018490332715
            }
        },
        "D49_j1_D81":{
            "linkCount":1,
            "radii":{
                "avgAll":11.277502663520973,
                "maxCA":18.006624427763974,
                "maxHeavy":20.677608103096098
            }
        },
        "D49":{
            "linkCount":4,
            "radii":{
                "avgAll":11.277502663520973,
                "maxCA":18.006624427763974,
                "maxHeavy":20.677608103096098
            }
        },
        "D14_j3_D54":{
            "linkCount":2,
            "radii":{
                "avgAll":11.325864698541814,
                "maxCA":17.117369119118024,
                "maxHeavy":21.738502585826669
            }
        },
        "D14_j1_D54":{
            "linkCount":2,
            "radii":{
                "avgAll":11.325864698541814,
                "maxCA":17.117369119118024,
                "maxHeavy":21.738502585826669
            }
        },
        "D64":{
            "linkCount":1,
            "radii":{
                "avgAll":16.667598027383921,
                "maxCA":30.250718763799242,
                "maxHeavy":30.840330708915406
            }
        },
        "D14_j1_D81":{
            "linkCount":1,
            "radii":{
                "avgAll":11.325864698541814,
                "maxCA":17.117369119118024,
                "maxHeavy":21.738502585826669
            }
        },
        "D49_j1_D79":{
            "linkCount":3,
            "radii":{
                "avgAll":11.277502663520973,
                "maxCA":18.006624427763974,
                "maxHeavy":20.677608103096098
            }
        },
        "D14_j5_D79":{
            "linkCount":3,
            "radii":{
                "avgAll":11.325864698541814,
                "maxCA":17.117369119118024,
                "maxHeavy":21.738502585826669
            }
        },
        "D81":{
            "linkCount":1,
            "radii":{
                "avgAll":17.394628629819213,
                "maxCA":30.751251396950369,
                "maxHeavy":33.576685323136729
            }
        },
        "D49_j1_D14":{
            "linkCount":14,
            "radii":{
                "avgAll":11.277502663520973,
                "maxCA":18.006624427763974,
                "maxHeavy":20.677608103096098
            }
        },
        "D14_j1_D76":{
            "linkCount":1,
            "radii":{
                "avgAll":11.325864698541814,
                "maxCA":17.117369119118024,
                "maxHeavy":21.738502585826669
            }
        },
        "D4_j1_D64":{
            "linkCount":1,
            "radii":{
                "avgAll":12.420968630516739,
                "maxCA":19.802855503407997,
                "maxHeavy":21.177209710849812
            }
        },
        "D18_j1_D14":{
            "linkCount":14,
            "radii":{
                "avgAll":16.880514008336867,
                "maxCA":28.109231141523164,
                "maxHeavy":29.610693207567049
            }
        },
        "D4":{
            "linkCount":2,
            "radii":{
                "avgAll":12.420968630516739,
                "maxCA":19.802855503407997,
                "maxHeavy":21.177209710849812
            }
        },
        "D14_j1_D79":{
            "linkCount":3,
            "radii":{
                "avgAll":11.325864698541814,
                "maxCA":17.117369119118024,
                "maxHeavy":21.738502585826669
            }
        }
    },
    "complexity":303521499316224,
    "pairsData":{
        "D14":{
            "D14":{
                "comB":[
                    -7.562545260336967,
                    16.28976439347848,
                    5.247856354083968
                ],
                "rot":[
                    [
                        0.869017417023074,
                        0.40897186974356936,
                        -0.2784793325706487
                    ],
                    [
                        -0.4495748289685788,
                        0.8877115165554379,
                        -0.099250876735263
                    ],
                    [
                        0.2066184940135275,
                        0.2114480388494877,
                        0.9553002275715673
                    ]
                ],
                "tran":[
                    12.811147412714508,
                    -12.47739211316006,
                    -5.502517528089664
                ]
            },
            "D14_j1_D14":{
                "comB":[
                    -7.696816687128301,
                    26.78647307646084,
                    13.581085671064105
                ],
                "rot":[
                    [
                        0.7842211821525942,
                        0.11280703318489432,
                        -0.6101407302641002
                    ],
                    [
                        0.01909355525815659,
                        0.9784814284259342,
                        0.20544958109752054
                    ],
                    [
                        0.6201875310023502,
                        -0.17276766910960217,
                        0.765191975192921
                    ]
                ],
                "tran":[
                    -2.8982623133336083,
                    -22.995438867537732,
                    -20.59154879673808
                ]
            },
            "D14_j1_D18":{
                "comB":[
                    -15.026714260036341,
                    28.257493531016138,
                    11.302548807771448
                ],
                "rot":[
                    [
                        0.8893156693327207,
                        0.13527057191957098,
                        -0.43682892835965803
                    ],
                    [
                        -0.10716178613958166,
                        0.9902954048741226,
                        0.08849498673129558
                    ],
                    [
                        0.44456044793781396,
                        -0.03188861015707206,
                        0.895181056921772
                    ]
                ],
                "tran":[
                    11.366949767825227,
                    -25.590171192286142,
                    -19.18257758971618
                ]
            },
            "D14_j5_D79":{
                "comB":[
                    -11.002222631508586,
                    30.161889925854698,
                    12.04927068858049
                ],
                "rot":[
                    [
                        0.4803854080989464,
                        -0.0683197411737721,
                        -0.874392516351528
                    ],
                    [
                        0.6905914982160728,
                        0.6440391471591574,
                        0.3290850338714672
                    ],
                    [
                        0.5406600061751268,
                        -0.7619356861917244,
                        0.3565680409546791
                    ]
                ],
                "tran":[
                    -22.058796308985247,
                    -10.996337536863301,
                    -23.842472544461693
                ]
            },
            "D14_j4_D79":{
                "comB":[
                    -2.978119323310176,
                    34.30568973990867,
                    7.293418950243728
                ],
                "rot":[
                    [
                        0.780331605598729,
                        0.19585506451306361,
                        -0.5939051936195656
                    ],
                    [
                        0.043833838870835126,
                        0.9302265092879419,
                        0.3643586639395533
                    ],
                    [
                        0.623827844740483,
                        -0.3103537258074314,
                        0.7173000662232581
                    ]
                ],
                "tran":[
                    -3.729667267708737,
                    -29.06524251819324,
                    -19.499865708494468
                ]
            },
            "D14_j1_D76":{
                "comB":[
                    -8.161799839839599,
                    25.95958408591892,
                    14.917872428266568
                ],
                "rot":[
                    [
                        0.746556393654465,
                        0.05840634773219899,
                        -0.6627535361189896
                    ],
                    [
                        0.184677311226845,
                        0.9388031062678766,
                        0.2907628215226438
                    ],
                    [
                        0.6391774728599736,
                        -0.33946638450128064,
                        0.6900831341091926
                    ]
                ],
                "tran":[
                    -8.236070334541397,
                    -18.830121040041536,
                    -23.25191577886452
                ]
            },
            "D14_j2_D14":{
                "comB":[
                    -0.9246121485293788,
                    24.000447307734365,
                    10.324276192634128
                ],
                "rot":[
                    [
                        0.10583645372150391,
                        0.4793020954300983,
                        -0.8712451700755495
                    ],
                    [
                        0.8890554522798382,
                        -0.43805704501706405,
                        -0.1329903307854009
                    ],
                    [
                        -0.44539762890606927,
                        -0.7605100437385653,
                        -0.4724885454036073
                    ]
                ],
                "tran":[
                    -16.641462728857416,
                    18.808449305793324,
                    7.264365798456552
                ]
            },
            "D14_j3_D54":{
                "comB":[
                    -14.22276520803231,
                    27.048810092284235,
                    6.758753547303061
                ],
                "rot":[
                    [
                        0.4620160028715784,
                        0.3807569127891258,
                        -0.8009777690135129
                    ],
                    [
                        0.7305446518758593,
                        0.3486752570348771,
                        0.5871371873312425
                    ],
                    [
                        0.5028376723219432,
                        -0.8564168018523208,
                        -0.11706637774738472
                    ]
                ],
                "tran":[
                    -16.58777432285153,
                    1.772475458009521,
                    -26.482258227903372
                ]
            },
            "D14_j2_D54":{
                "comB":[
                    -13.570880953117113,
                    27.528297154778887,
                    13.1607910171976
                ],
                "rot":[
                    [
                        0.8634231230741587,
                        0.17400357822608703,
                        -0.47352219093236164
                    ],
                    [
                        -0.18152724304454437,
                        0.98292228958751,
                        0.030193255284809095
                    ],
                    [
                        0.4706892505395819,
                        0.0598876230665792,
                        0.8802642228501181
                    ]
                ],
                "tran":[
                    10.519905443233176,
                    -25.484963513993904,
                    -18.842255662198856
                ]
            },
            "D14_j1_D54":{
                "comB":[
                    -15.369493810980892,
                    25.35647189928877,
                    13.57531425457926
                ],
                "rot":[
                    [
                        0.6431227891682455,
                        0.3204416975972725,
                        -0.6954927724235778
                    ],
                    [
                        0.11342216391135923,
                        0.8583556778372946,
                        0.5003608128722148
                    ],
                    [
                        0.7573166383925025,
                        -0.40067773679786217,
                        0.515682906880209
                    ]
                ],
                "tran":[
                    -3.2723255405525826,
                    -11.400518744830258,
                    -30.377314269059493
                ]
            },
            "D14_j1_D81":{
                "comB":[
                    -17.27477065600421,
                    30.619117373241586,
                    8.353319438514868
                ],
                "rot":[
                    [
                        0.7428310875036118,
                        0.0025104945664640166,
                        -0.6694741763916165
                    ],
                    [
                        0.27667959892077487,
                        0.9094481762774781,
                        0.31040685270561835
                    ],
                    [
                        0.6096313435013339,
                        -0.4158097065757367,
                        0.6748717751826339
                    ]
                ],
                "tran":[
                    -0.7318937933591414,
                    -24.329740931789512,
                    -26.70681623187246
                ]
            },
            "D14_j2_D71":{
                "comB":[
                    -15.576688517463454,
                    29.659512473048252,
                    -0.3599910678578959
                ],
                "rot":[
                    [
                        0.6207905828897625,
                        0.08872198773800943,
                        -0.7789399598731633
                    ],
                    [
                        0.47386657256020004,
                        0.7490683663402301,
                        0.46297629956448944
                    ],
                    [
                        0.6245554607922644,
                        -0.6565249358860605,
                        0.4229722035244951
                    ]
                ],
                "tran":[
                    -4.159955587894361,
                    -21.07135089973369,
                    -25.712690245187453
                ]
            },
            "D14_j1_D79":{
                "comB":[
                    -10.437279475713003,
                    33.64560291906056,
                    9.680131071172044
                ],
                "rot":[
                    [
                        0.6559351002660624,
                        0.059496888588701585,
                        -0.7524687797425312
                    ],
                    [
                        0.058459229874851804,
                        0.9898900777130274,
                        0.12922906982461554
                    ],
                    [
                        0.7525501064257376,
                        -0.12875462824131728,
                        0.6458255050902304
                    ]
                ],
                "tran":[
                    -2.40550174374223,
                    -31.43810115671892,
                    -18.45339245821942
                ]
            },
            "D14_j2_D79":{
                "comB":[
                    -17.31366644494863,
                    27.744391551070958,
                    5.69234932879683
                ],
                "rot":[
                    [
                        0.6608696608322021,
                        0.08074012132961811,
                        -0.7461449753226301
                    ],
                    [
                        -0.02028357029115463,
                        0.9957546125943852,
                        0.08978490002917824
                    ],
                    [
                        0.7502265445635565,
                        -0.044201632375787725,
                        0.6597017110236578
                    ]
                ],
                "tran":[
                    7.734280620054607,
                    -25.977087198791857,
                    -19.164785236045354
                ]
            }
        },
        "D54_j1_D79":{
            "D79_j1_D54":{
                "comB":[
                    20.019674302857155,
                    34.97621138009144,
                    -1.1064874341250606
                ],
                "rot":[
                    [
                        0.9144294546852603,
                        0.16540868232719685,
                        -0.36940322171686407
                    ],
                    [
                        0.3198633717248922,
                        0.2639064900105733,
                        0.9099674653299878
                    ],
                    [
                        0.24800442704274736,
                        -0.950259613127423,
                        0.18841568890652136
                    ]
                ],
                "tran":[
                    -29.219774975806587,
                    -13.593327447325086,
                    -24.22340263902286
                ]
            },
            "D79_j2_D14":{
                "comB":[
                    22.332581655143816,
                    32.82669952746033,
                    1.902090165600658
                ],
                "rot":[
                    [
                        0.9630515664097027,
                        0.12263441974675401,
                        -0.23977589438722757
                    ],
                    [
                        0.19568252164046898,
                        0.2930793055966906,
                        0.9358487438445325
                    ],
                    [
                        0.18504062029793727,
                        -0.9481905503243212,
                        0.2582530718412001
                    ]
                ],
                "tran":[
                    -28.283003029731628,
                    -10.556025574377463,
                    -25.85723140518306
                ]
            },
            "D79":{
                "comB":[
                    21.735225186805373,
                    25.9885918402365,
                    -6.762932476071037
                ],
                "rot":[
                    [
                        0.6575344521120763,
                        0.7475129555310893,
                        -0.09419567717707736
                    ],
                    [
                        0.33692509917560026,
                        -0.17991106815920874,
                        0.9241826037636309
                    ],
                    [
                        0.6738916246928611,
                        -0.6394187898920305,
                        -0.37015360230832184
                    ]
                ],
                "tran":[
                    -18.490384713956928,
                    -15.896073200562864,
                    -24.47416403817825
                ]
            }
        },
        "D71":{
            "D71":{
                "comB":[
                    -17.267583009273316,
                    13.523246390271941,
                    2.5490107798594495
                ],
                "rot":[
                    [
                        0.9092066770341877,
                        -0.40724922272732844,
                        -0.0865522329257673
                    ],
                    [
                        0.4163434177106376,
                        0.8899257112678278,
                        0.18625355554586115
                    ],
                    [
                        0.0011734417220287952,
                        -0.2053784287904562,
                        0.9786819319994051
                    ]
                ],
                "tran":[
                    10.066496032005539,
                    -18.543382592481564,
                    -6.507971384114677
                ]
            }
        },
        "D76":{
            "D76":{
                "comB":[
                    0.2974992297715803,
                    10.16922974704678,
                    19.382019161722642
                ],
                "rot":[
                    [
                        0.9338594691093316,
                        -0.3025294362527015,
                        0.19074179446429798
                    ],
                    [
                        0.3469574604397965,
                        0.8957392028416797,
                        -0.27797805873435416
                    ],
                    [
                        -0.08675835752251759,
                        0.3257717309607687,
                        0.9414593813366672
                    ]
                ],
                "tran":[
                    -2.1245604524981,
                    -15.333089404694347,
                    -15.477306562081502
                ]
            }
        },
        "D14_j1_D14":{
            "D14":{
                "comB":[
                    25.96798210223622,
                    15.357208775328747,
                    5.224086841906425
                ],
                "rot":[
                    [
                        0.0033881213965576418,
                        0.9367348901926618,
                        0.3500232365560093
                    ],
                    [
                        -0.9990462517856449,
                        -0.01206689658532617,
                        0.04196399408842311
                    ],
                    [
                        0.04353283159244701,
                        -0.34983158162541744,
                        0.9358005968533056
                    ]
                ],
                "tran":[
                    15.027159896382756,
                    -22.312250450479446,
                    -14.62255054518535
                ]
            },
            "D14_j1_D14":{
                "comB":[
                    37.814665883281805,
                    16.00031354017586,
                    9.3574183372884
                ],
                "rot":[
                    [
                        0.40220144436221034,
                        0.8120138094298954,
                        0.42292738318546025
                    ],
                    [
                        -0.8473870530269804,
                        0.15525641514058297,
                        0.5077702511175141
                    ],
                    [
                        0.34665426654694426,
                        -0.5626091172855665,
                        0.7505343434060531
                    ]
                ],
                "tran":[
                    -4.89444368849868,
                    -27.9256133467618,
                    -31.140404740055445
                ]
            },
            "D14_j1_D18":{
                "comB":[
                    36.93447214537155,
                    23.962110843473717,
                    9.041842639623416
                ],
                "rot":[
                    [
                        0.20811179803524438,
                        0.8945198830802132,
                        0.39563070949143825
                    ],
                    [
                        -0.9563389502778503,
                        0.10123499834495153,
                        0.274166532041308
                    ],
                    [
                        0.2051957399655205,
                        -0.4354143473569272,
                        0.8765324035172596
                    ]
                ],
                "tran":[
                    13.374052931743908,
                    -31.527475944852092,
                    -29.10748831104369
                ]
            },
            "D14_j5_D79":{
                "comB":[
                    39.50695222211877,
                    20.577791311789486,
                    7.589225478186955
                ],
                "rot":[
                    [
                        0.9227987059965708,
                        0.23186639681271923,
                        0.30770200233365647
                    ],
                    [
                        -0.37478600923340655,
                        0.3550709711165439,
                        0.8564228235826337
                    ],
                    [
                        0.08931962546916344,
                        -0.9056282788757436,
                        0.4145593142200611
                    ]
                ],
                "tran":[
                    -29.42256288116878,
                    -9.59389379749518,
                    -32.92584255288158
                ]
            },
            "D14_j4_D79":{
                "comB":[
                    42.352378654126696,
                    14.460227574042271,
                    0.02408833901394902
                ],
                "rot":[
                    [
                        0.4096515306473374,
                        0.7335815446719733,
                        0.5422580020202334
                    ],
                    [
                        -0.8419951656704536,
                        0.07531438762642773,
                        0.5342021003366068
                    ],
                    [
                        0.3510409725742563,
                        -0.6754153243250691,
                        0.6485247684097983
                    ]
                ],
                "tran":[
                    -5.182731024335583,
                    -32.14171690499679,
                    -30.70622205567023
                ]
            },
            "D14_j1_D76":{
                "comB":[
                    37.3702927626441,
                    16.281760808737985,
                    11.155660007696838
                ],
                "rot":[
                    [
                        0.5532262844840298,
                        0.7015135224755066,
                        0.4492432035546032
                    ],
                    [
                        -0.7792216881591284,
                        0.24511055210199648,
                        0.5768313253895749
                    ],
                    [
                        0.29454072529691794,
                        -0.6691782983871057,
                        0.682236151277037
                    ]
                ],
                "tran":[
                    -11.27292326140294,
                    -22.74147151155016,
                    -33.790974254050276
                ]
            },
            "D14_j2_D14":{
                "comB":[
                    34.71319073724261,
                    9.795644635242603,
                    6.036453140660419
                ],
                "rot":[
                    [
                        0.6185400751211212,
                        -0.6406503476386495,
                        -0.4549453896234528
                    ],
                    [
                        0.18530875651851078,
                        -0.4437252274048647,
                        0.8767944954902855
                    ],
                    [
                        -0.7635894448109672,
                        -0.6266378975412982,
                        -0.15574371620807181
                    ]
                ],
                "tran":[
                    -18.677346430657593,
                    30.368262661481502,
                    8.143978433910751
                ]
            },
            "D14_j3_D54":{
                "comB":[
                    33.33597286198972,
                    25.319994127808886,
                    2.394391780987103
                ],
                "rot":[
                    [
                        0.9590256537127856,
                        -0.10660744769415695,
                        0.26249694782397426
                    ],
                    [
                        -0.2706711432956367,
                        -0.07101409368296153,
                        0.960049025146852
                    ],
                    [
                        -0.08370739338790635,
                        -0.9917619929169122,
                        -0.09695989736833033
                    ]
                ],
                "tran":[
                    -24.916233112572666,
                    7.72660618279832,
                    -32.82686682679798
                ]
            },
            "D14_j2_D54":{
                "comB":[
                    37.24618625646357,
                    22.255908374393353,
                    9.980614315144045
                ],
                "rot":[
                    [
                        0.17653033204472157,
                        0.9293830884986715,
                        0.3241668037922012
                    ],
                    [
                        -0.937654425535262,
                        0.058605949913882294,
                        0.3425923538388288
                    ],
                    [
                        0.29940143643997136,
                        -0.3644343801665297,
                        0.8817858937465034
                    ]
                ],
                "tran":[
                    11.305059091796677,
                    -32.283025277685816,
                    -28.499446103029957
                ]
            },
            "D14_j1_D54":{
                "comB":[
                    36.10633113753696,
                    23.380846852277926,
                    9.559791154195723
                ],
                "rot":[
                    [
                        0.6054851753163772,
                        0.5624266143879565,
                        0.563084368367829
                    ],
                    [
                        -0.6925669266242296,
                        0.023784266409806076,
                        0.7209614142363074
                    ],
                    [
                        0.3920953386848215,
                        -0.826505058725867,
                        0.4039190924952507
                    ]
                ],
                "tran":[
                    -9.417396542849362,
                    -12.962042120771258,
                    -41.04898124276736
                ]
            },
            "D14_j1_D81":{
                "comB":[
                    37.14387705858454,
                    27.482968940715466,
                    6.037085766357901
                ],
                "rot":[
                    [
                        0.6260892046328213,
                        0.6328240365817144,
                        0.45557221882668164
                    ],
                    [
                        -0.7418612806656337,
                        0.30351345271800567,
                        0.5979309527598823
                    ],
                    [
                        0.24011278202417,
                        -0.7123295043332264,
                        0.6594941464220844
                    ]
                ],
                "tran":[
                    -4.3164113684142045,
                    -27.54659469707976,
                    -37.3360590151582
                ]
            },
            "D14_j2_D71":{
                "comB":[
                    32.905405916938584,
                    27.051023003693786,
                    -1.7553640922805778
                ],
                "rot":[
                    [
                        0.7828151536512418,
                        0.40071602292590225,
                        0.47605367783941266
                    ],
                    [
                        -0.5893748291019657,
                        0.23208015291311687,
                        0.7738062505852825
                    ],
                    [
                        0.19959395290191584,
                        -0.8863213139681752,
                        0.41784779809245837
                    ]
                ],
                "tran":[
                    -9.465298271029035,
                    -21.019545555714263,
                    -35.8635151717319
                ]
            },
            "D14_j1_D79":{
                "comB":[
                    41.87725808761467,
                    20.693350535761915,
                    4.204094929777708
                ],
                "rot":[
                    [
                        0.4498509817249833,
                        0.8477107354124817,
                        0.28110603570094017
                    ],
                    [
                        -0.7421181329444613,
                        0.17968707757386576,
                        0.6457346443454861
                    ],
                    [
                        0.49688506819595246,
                        -0.4990982500664504,
                        0.7099339164911832
                    ]
                ],
                "tran":[
                    -5.570566994583883,
                    -37.119872510927486,
                    -28.118992934359014
                ]
            },
            "D14_j2_D79":{
                "comB":[
                    33.83828997391248,
                    26.837532530127564,
                    4.559817073828221
                ],
                "rot":[
                    [
                        0.39097429617988494,
                        0.8834119032353913,
                        0.2583070052256944
                    ],
                    [
                        -0.7702485889666424,
                        0.16041216921973045,
                        0.6172398619346595
                    ],
                    [
                        0.5038414541515419,
                        -0.440285526889363,
                        0.743163806902769
                    ]
                ],
                "tran":[
                    5.144245091053174,
                    -32.19059349487836,
                    -28.694553234049263
                ]
            }
        },
        "D14_j1_D18":{
            "D18_j1_D14":{
                "comB":[
                    -29.294706198287102,
                    16.10404358431577,
                    12.143812794737181
                ],
                "rot":[
                    [
                        0.5517478039946866,
                        -0.14030315349756742,
                        -0.8221249211072966
                    ],
                    [
                        -0.8303942254188662,
                        -0.18411964693200503,
                        -0.525875827553078
                    ],
                    [
                        -0.07758731325443818,
