{
    "singlesData":{
        "D14":{
            "linkCount":14,
            "radii":{
                "avgAll":11.325864698541814,
                "maxCA":17.117369119118024,
                "maxHeavy":21.738502585826669
            }
        },
        "D54_j1_D79":{
            "linkCount":3,
            "radii":{
                "avgAll":16.196548155789596,
                "maxCA":26.521100833095574,
                "maxHeavy":28.103445868231184
            }
        },
        "D71":{
            "linkCount":1,
            "radii":{
                "avgAll":16.820571468011682,
                "maxCA":31.375870734616711,
                "maxHeavy":31.984924854949075
            }
        },
        "D76":{
            "linkCount":1,
            "radii":{
                "avgAll":16.383108615944071,
                "maxCA":29.942671440651839,
                "maxHeavy":32.591923306283945
            }
        },
        "D14_j1_D14":{
            "linkCount":14,
            "radii":{
                "avgAll":11.325864698541814,
                "maxCA":17.117369119118024,
                "maxHeavy":21.738502585826669
            }
        },
        "D14_j1_D18":{
            "linkCount":2,
            "radii":{
                "avgAll":11.325864698541814,
                "maxCA":17.117369119118024,
                "maxHeavy":21.738502585826669
            }
        },
        "D79":{
            "linkCount":3,
            "radii":{
                "avgAll":17.614358465243516,
                "maxCA":32.810310363363321,
                "maxHeavy":34.588055850771774
            }
        },
        "D18":{
            "linkCount":2,
            "radii":{
                "avgAll":16.880514008336867,
                "maxCA":28.109231141523164,
                "maxHeavy":29.610693207567049
            }
        },
        "D14_j2_D14":{
            "linkCount":14,
            "radii":{
                "avgAll":11.325864698541814,
                "maxCA":17.117369119118024,
                "maxHeavy":21.738502585826669
            }
        },
        "D14_j2_D79":{
            "linkCount":3,
            "radii":{
                "avgAll":11.325864698541814,
                "maxCA":17.117369119118024,
                "maxHeavy":21.738502585826669
            }
        },
        "D53":{
            "linkCount":3,
            "radii":{
                "avgAll":12.098676474905076,
                "maxCA":22.125075084224601,
                "maxHeavy":25.226424008090678
            }
        },
        "D54":{
            "linkCount":2,
            "radii":{
                "avgAll":16.196548155789596,
                "maxCA":26.521100833095574,
                "maxHeavy":28.103445868231184
            }
        },
        "D14_j2_D71":{
            "linkCount":1,
            "radii":{
                "avgAll":11.325864698541814,
                "maxCA":17.117369119118024,
                "maxHeavy":21.738502585826669
            }
        },
        "D14_j2_D54":{
            "linkCount":2,
            "radii":{
                "avgAll":11.325864698541814,
                "maxCA":17.117369119118024,
                "maxHeavy":21.738502585826669
            }
        },
        "D53_j1_D79":{
            "linkCount":3,
            "radii":{
                "avgAll":12.098676474905076,
                "maxCA":22.125075084224601,
                "maxHeavy":25.226424008090678
            }
        },
        "D79_j2_D14":{
            "linkCount":14,
            "radii":{
                "avgAll":17.614358465243516,
                "maxCA":32.810310363363321,
                "maxHeavy":34.588055850771774
            }
        },
        "D53_j1_D4":{
            "linkCount":2,
            "radii":{
                "avgAll":12.098676474905076,
                "maxCA":22.125075084224601,
                "maxHeavy":25.226424008090678
            }
        },
        "D79_j1_D54":{
            "linkCount":2,
            "radii":{
                "avgAll":17.614358465243516,
                "maxCA":32.810310363363321,
                "maxHeavy":34.588055850771774
            }
        },
        "D14_j4_D79":{
            "linkCount":3,
            "radii":{
                "avgAll":11.325864698541814,
                "maxCA":17.117369119118024,
                "maxHeavy":21.738502585826669
            }
        },
        "D8":{
            "linkCount":1,
            "radii":{
                "avgAll":11.902050174947162,
                "maxCA":23.22792049090307,
                "maxHeavy":24.806018490332715
            }
        },
        "D49_j1_D81":{
            "linkCount":1,
            "radii":{
                "avgAll":11.277502663520973,
                "maxCA":18.006624427763974,
                "maxHeavy":20.677608103096098
            }
        },
        "D49":{
            "linkCount":4,
            "radii":{
                "avgAll":11.277502663520973,
                "maxCA":18.006624427763974,
                "maxHeavy":20.677608103096098
            }
        },
        "D14_j3_D54":{
            "linkCount":2,
            "radii":{
                "avgAll":11.325864698541814,
                "maxCA":17.117369119118024,
                "maxHeavy":21.738502585826669
            }
        },
        "D14_j1_D54":{
            "linkCount":2,
            "radii":{
                "avgAll":11.325864698541814,
                "maxCA":17.117369119118024,
                "maxHeavy":21.738502585826669
            }
        },
        "D64":{
            "linkCount":1,
            "radii":{
                "avgAll":16.667598027383921,
                "maxCA":30.250718763799245,
                "maxHeavy":30.840330708915406
            }
        },
        "D14_j1_D81":{
            "linkCount":1,
            "radii":{
                "avgAll":11.325864698541814,
                "maxCA":17.117369119118024,
                "maxHeavy":21.738502585826669
            }
        },
        "D49_j1_D79":{
            "linkCount":3,
            "radii":{
                "avgAll":11.277502663520973,
                "maxCA":18.006624427763974,
                "maxHeavy":20.677608103096098
            }
        },
        "D14_j5_D79":{
            "linkCount":3,
            "radii":{
                "avgAll":11.325864698541814,
                "maxCA":17.117369119118024,
                "maxHeavy":21.738502585826669
            }
        },
        "D81":{
            "linkCount":1,
            "radii":{
                "avgAll":17.394628629819213,
                "maxCA":30.751251396950373,
                "maxHeavy":33.576685323136729
            }
        },
        "D49_j1_D14":{
            "linkCount":14,
            "radii":{
                "avgAll":11.277502663520973,
                "maxCA":18.006624427763974,
                "maxHeavy":20.677608103096098
            }
        },
        "D14_j1_D76":{
            "linkCount":1,
            "radii":{
                "avgAll":11.325864698541814,
                "maxCA":17.117369119118024,
                "maxHeavy":21.738502585826669
            }
        },
        "D4_j1_D64":{
            "linkCount":1,
            "radii":{
                "avgAll":12.420968630516739,
                "maxCA":19.802855503407997,
                "maxHeavy":21.177209710849816
            }
        },
        "D18_j1_D14":{
            "linkCount":14,
            "radii":{
                "avgAll":16.880514008336867,
                "maxCA":28.109231141523164,
                "maxHeavy":29.610693207567049
            }
        },
        "D4":{
            "linkCount":2,
            "radii":{
                "avgAll":12.420968630516739,
                "maxCA":19.802855503407997,
                "maxHeavy":21.177209710849816
            }
        },
        "D14_j1_D79":{
            "linkCount":3,
            "radii":{
                "avgAll":11.325864698541814,
                "maxCA":17.117369119118024,
                "maxHeavy":21.738502585826669
            }
        }
    },
    "complexity":303521499316224,
    "pairsData":{
        "D14":{
            "D14":{
                "comB":[
                    -8.084531566508415,
                    17.20649589237009,
                    5.493302825720956
                ],
                "rot":[
                    [
                        0.9238880637694152,
                        0.28779236968946215,
                        -0.25220308795279617
                    ],
                    [
                        -0.3264798451938502,
                        0.9366045533924681,
                        -0.12721171819724342
                    ],
                    [
                        0.19960399872397738,
                        0.1998686131262714,
                        0.9592761756555717
                    ]
                ],
                "tran":[
                    11.990291120518156,
                    -14.88695472062738,
                    -5.119670445478613
                ]
            },
            "D14_j1_D14":{
                "comB":[
                    -7.6761925043836525,
                    26.87201619158391,
                    13.43410865667932
                ],
                "rot":[
                    [
                        0.7890858270203357,
                        0.09401363832846185,
                        -0.6070461213152398
                    ],
                    [
                        0.029844304103147784,
                        0.9811847394673479,
                        0.19075068688996002
                    ],
                    [
                        0.6135575564755358,
                        -0.16863553256842967,
                        0.7714331999902075
                    ]
                ],
                "tran":[
                    -2.987400793216472,
                    -23.379277352153565,
                    -20.149175862956238
                ]
            },
            "D14_j1_D18":{
                "comB":[
                    -15.332738543250295,
                    28.331888700965038,
                    11.226931756764222
                ],
                "rot":[
                    [
                        0.8856851357993235,
                        0.1702182057675536,
                        -0.43195787138262465
                    ],
                    [
                        -0.13177524121836026,
                        0.9842705715849225,
                        0.1176721195259661
                    ],
                    [
                        0.4451933580209573,
                        -0.04729909446453459,
                        0.8941843599822455
                    ]
                ],
                "tran":[
                    12.315264637529562,
                    -24.745309335734124,
                    -19.99591728471162
                ]
            },
            "D14_j5_D79":{
                "comB":[
                    -10.413082670912068,
                    30.22041812833182,
                    12.400194303382603
                ],
                "rot":[
                    [
                        0.45221983351574546,
                        -0.09874550849138611,
                        -0.8864234579069814
                    ],
                    [
                        0.7109209845359066,
                        0.6400682095550383,
                        0.29138297970798754
                    ],
                    [
                        0.5385987151131069,
                        -0.7619461999838213,
                        0.35965179327889496
                    ]
                ],
                "tran":[
                    -23.45405561600961,
                    -10.923093138184603,
                    -22.49586834909407
                ]
            },
            "D14_j4_D79":{
                "comB":[
                    -3.0381169542479953,
                    34.29849402993389,
                    7.226966258784448
                ],
                "rot":[
                    [
                        0.7710843178701592,
                        0.19406161675494782,
                        -0.6064396619921619
                    ],
                    [
                        0.05045230921687932,
                        0.9308079758278964,
                        0.36200977421867864
                    ],
                    [
                        0.6347310763066482,
                        -0.3097363411639481,
                        0.7079405764137084
                    ]
                ],
                "tran":[
                    -3.97497395906552,
                    -29.097275827204786,
                    -19.37508735761017
                ]
            },
            "D14_j1_D76":{
                "comB":[
                    -8.357552343946319,
                    25.688191762225806,
                    14.373687119804393
                ],
                "rot":[
                    [
                        0.7429600269207864,
                        0.09049688911021495,
                        -0.6631898004788964
                    ],
                    [
                        0.15544138949030367,
                        0.9404011609456757,
                        0.3024626107890842
                    ],
                    [
                        0.651036383646251,
                        -0.3278047735366256,
                        0.6846135096646964
                    ]
                ],
                "tran":[
                    -7.141474188703675,
                    -18.68910961689556,
                    -23.152781404238702
                ]
            },
            "D14_j2_D14":{
                "comB":[
                    -0.795025109284321,
                    24.016458074434194,
                    10.016505573398543
                ],
                "rot":[
                    [
                        0.10813993861001511,
                        0.48541068667041004,
                        -0.8675726015404035
                    ],
                    [
                        0.901524509897325,
                        -0.4156954963996696,
                        -0.12021153159086151
                    ],
                    [
                        -0.41899798535531246,
                        -0.7691382967576077,
                        -0.4825629168605854
                    ]
                ],
                "tran":[
                    -17.368555972958276,
                    18.073525181418525,
                    7.030907352413207
                ]
            },
            "D14_j3_D54":{
                "comB":[
                    -14.396205060602146,
                    27.152888446876286,
                    6.662787190710273
                ],
                "rot":[
                    [
                        0.4274905946934163,
                        0.3738994121533803,
                        -0.8230741285206488
                    ],
                    [
                        0.7814462747494196,
                        0.3049281376501616,
                        0.5443900720526211
                    ],
                    [
                        0.4545255890804427,
                        -0.8759098472220533,
                        -0.1618283918554339
                    ]
                ],
                "tran":[
                    -18.092688535588067,
                    2.9390538137581896,
                    -25.5526786959438
                ]
            },
            "D14_j2_D54":{
                "comB":[
                    -13.658030269237436,
                    27.581866755938915,
                    12.87929652772969
                ],
                "rot":[
                    [
                        0.8343224560627268,
                        0.10105743028162015,
                        -0.5419348993138705
                    ],
                    [
                        -0.1217432321008907,
                        0.9925588717279439,
                        -0.002339143386012585
                    ],
                    [
                        0.537665904393321,
                        0.06792850608564235,
                        0.8404172138372022
                    ]
                ],
                "tran":[
                    7.828348349921807,
                    -26.871252478270147,
                    -18.1612278216067
                ]
            },
            "D14_j1_D54":{
                "comB":[
                    -15.501319182798664,
                    25.36929150447225,
                    13.337925867346328
                ],
                "rot":[
                    [
                        0.6559226839860266,
                        0.3027625040946734,
                        -0.691447972552446
                    ],
                    [
                        0.13136065770526106,
                        0.8562707301728127,
                        0.49954460687365854
                    ],
                    [
                        0.7433100364180526,
                        -0.41849169975477407,
                        0.5218763138872583
                    ]
                ],
                "tran":[
                    -3.079074096037058,
                    -11.447952280517558,
                    -30.352196058651522
                ]
            },
            "D14_j1_D81":{
                "comB":[
                    -17.527440722501563,
                    30.810529646346037,
                    8.151434420286607
                ],
                "rot":[
                    [
                        0.7233557103394438,
                        -0.020547324692605617,
                        -0.6901697789437732
                    ],
                    [
                        0.31747432186433666,
                        0.8975313300091281,
                        0.3060188991040027
                    ],
                    [
                        0.6131611299455465,
                        -0.44047170068010355,
                        0.6557576607435689
                    ]
                ],
                "tran":[
                    -2.1011204113170843,
                    -24.423081485240274,
                    -26.8708798192368
                ]
            },
            "D14_j2_D71":{
                "comB":[
                    -15.710011502290827,
                    29.587885701259697,
                    -0.5527781822656539
                ],
                "rot":[
                    [
                        0.6291516704737428,
                        0.08362467376252014,
                        -0.7727710459626518
                    ],
                    [
                        0.469506880520124,
                        0.751445166296565,
                        0.46356601600396674
                    ],
                    [
                        0.6194606239982978,
                        -0.6544746564899522,
                        0.43351062193214973
                    ]
                ],
                "tran":[
                    -3.665311619237486,
                    -21.281708415415782,
                    -25.616545103639748
                ]
            },
            "D14_j1_D79":{
                "comB":[
                    -10.80331121571998,
                    33.13405293876905,
                    9.763704525374786
                ],
                "rot":[
                    [
                        0.6553691596603293,
                        0.04181394026075236,
                        -0.754150421975606
                    ],
                    [
                        0.10552969461096495,
                        0.9836038093425898,
                        0.1462430504402295
                    ],
                    [
                        0.7479002260471855,
                        -0.17542844879499214,
                        0.640210989621353
                    ]
                ],
                "tran":[
                    -3.718746316442158,
                    -30.426220140360726,
                    -19.243777623843336
                ]
            },
            "D14_j2_D79":{
                "comB":[
                    -17.44885662578572,
                    27.513294740845115,
                    5.222656599005491
                ],
                "rot":[
                    [
                        0.6576195114584896,
                        0.08212391324963686,
                        -0.7488606285696044
                    ],
                    [
                        -0.004395801318450132,
                        0.9944418560841335,
                        0.10519539818220139
                    ],
                    [
                        0.7533374111776647,
                        -0.06588670382185893,
                        0.654325367978061
                    ]
                ],
                "tran":[
                    7.661228945290391,
                    -25.58329987273249,
                    -19.378350437141574
                ]
            }
        },
        "D54_j1_D79":{
            "D79_j1_D54":{
                "comB":[
                    20.069462331804388,
                    34.92278754235033,
                    -0.6776297724685879
                ],
                "rot":[
                    [
                        0.9099588438999192,
                        0.14684562699550385,
                        -0.38782891104276795
                    ],
                    [
                        0.3418254565469836,
                        0.2639087285259649,
                        0.9019465284950401
                    ],
                    [
                        0.23479833829217855,
                        -0.9533040149082057,
                        0.18995050801491867
                    ]
                ],
                "tran":[
                    -30.04077619214597,
                    -12.80952841917619,
                    -23.586253148308728
                ]
            },
            "D79_j2_D14":{
                "comB":[
                    22.301520124053233,
                    32.897139881546416,
                    2.50494519033495
                ],
                "rot":[
                    [
                        0.9543208893052382,
                        0.11991559122313122,
                        -0.27366382884346674
                    ],
                    [
                        0.23150256874791886,
                        0.28227092545713417,
                        0.930983182074031
                    ],
                    [
                        0.1888867409289872,
                        -0.9518105775957628,
                        0.24161627320618462
                    ]
                ],
                "tran":[
                    -29.371729837890868,
                    -9.57597276164885,
                    -25.128800103353047
                ]
            },
            "D79":{
                "comB":[
                    21.535550011114488,
                    26.567755391386154,
                    -6.172996074865318
                ],
                "rot":[
                    [
                        0.6997438798352932,
                        0.7131470538547742,
                        -0.04218746509695097
                    ],
                    [
                        0.2819863083006844,
                        -0.22146322187873446,
                        0.9335083091681844
                    ],
                    [
                        0.656385728488975,
                        -0.6651130136550827,
                        -0.356065239110267
                    ]
                ],
                "tran":[
                    -18.509246056256767,
                    -13.579973359140613,
                    -26.090679472792925
                ]
            }
        },
        "D71":{
            "D71":{
                "comB":[
                    -17.247974071424828,
                    13.349023897715922,
                    2.521197785946645
                ],
                "rot":[
                    [
                        0.9105922753569549,
                        -0.40407850976335025,
                        -0.08684622045704823
                    ],
                    [
                        0.4132640859971196,
                        0.893159133967442,
                        0.1774247914906341
                    ],
                    [
                        0.005873949711154597,
                        -0.19745206850767627,
                        0.9802949440636896
                    ]
                ],
                "tran":[
                    10.174390405946694,
                    -18.39452256506075,
                    -6.3378865828482125
                ]
            }
        },
        "D76":{
            "D76":{
                "comB":[
                    0.016968684683380114,
                    10.033613130039184,
                    19.31992241251954
                ],
                "rot":[
                    [
                        0.9396949400799165,
                        -0.3036786332015553,
                        0.15732993143403265
                    ],
                    [
                        0.3392754076756105,
                        0.8857819108745734,
                        -0.3166742871057543
                    ],
                    [
                        -0.04319279262505055,
                        0.3509554018735493,
                        0.9353954717449859
                    ]
                ],
                "tran":[
                    -2.5856221699941675,
                    -15.662871118782032,
                    -14.897050336082916
                ]
            }
        },
        "D14_j1_D14":{
            "D14":{
                "comB":[
                    26.201842902173752,
                    15.333376731374255,
                    5.183091468799379
                ],
                "rot":[
                    [
                        -0.04451258053611441,
                        0.9410555033221206,
                        0.3353105573064546
                    ],
                    [
                        -0.999004950144455,
                        -0.0409955064404727,
                        -0.01756354288187513
                    ],
                    [
                        -0.0027820425752074114,
                        -0.33575870520187345,
                        0.9419439219615316
                    ]
                ],
                "tran":[
                    16.498850480587677,
                    -22.288520835220062,
                    -13.398627632244866
                ]
            },
            "D14_j1_D14":{
                "comB":[
                    38.01865128806147,
                    15.788990940545922,
                    9.128392145271263
                ],
                "rot":[
                    [
                        0.39412903344153594,
                        0.8179113728737802,
                        0.419145906722431
                    ],
                    [
                        -0.8564803157147423,
                        0.1614687286160552,
                        0.490274737746388
                    ],
                    [
                        0.333322327172386,
                        -0.5522217270289563,
                        0.7641645048060931
                    ]
                ],
                "tran":[
                    -4.5039912525424475,
                    -28.60441908766898,
                    -30.65189872252173
                ]
            },
            "D14_j1_D18":{
                "comB":[
                    37.271857730399724,
                    23.97460401917765,
                    9.030110474147813
                ],
                "rot":[
                    [
                        0.17718362832839515,
                        0.8844497855355632,
                        0.43168801085793523
                    ],
                    [
                        -0.9610123752506375,
                        0.06087427818518107,
                        0.26972122065303167
                    ],
                    [
                        0.2122761796987908,
                        -0.4626477051942753,
                        0.8607531146681715
                    ]
                ],
                "tran":[
                    14.519050813241307,
                    -30.246763402091755,
                    -30.328969301762314
                ]
            },
            "D14_j5_D79":{
                "comB":[
                    40.02299259853782,
                    19.796801453152856,
                    7.680082056662747
                ],
                "rot":[
                    [
                        0.9294562557113323,
                        0.22690311496251214,
                        0.29090556051643335
                    ],
                    [
                        -0.35952749448796123,
                        0.380164040561504,
                        0.8521826582201502
                    ],
                    [
                        0.08277106635944897,
                        -0.8966550499965193,
                        0.43492375411037243
                    ]
                ],
                "tran":[
                    -30.71781499922968,
                    -9.720989360859909,
                    -31.853652101986523
                ]
            },
            "D14_j4_D79":{
                "comB":[
                    42.549850440507555,
                    14.227022585008267,
                    -0.0728730580798207
                ],
                "rot":[
                    [
                        0.41260864019928534,
                        0.7344895822881538,
                        0.5387756152082888
                    ],
                    [
                        -0.8371431856999385,
                        0.07259154069457763,
                        0.5421455107770846
                    ],
                    [
                        0.3590896777534199,
                        -0.6747262568847909,
                        0.6448248456760831
                    ]
                ],
                "tran":[
                    -5.620212958159183,
                    -32.33435273112006,
                    -30.590947915861307
                ]
            },
            "D14_j1_D76":{
                "comB":[
                    37.09196713941089,
                    16.213117536369644,
                    10.7722409713875
                ],
                "rot":[
                    [
                        0.5238554637076052,
                        0.7163670231149893,
                        0.4608619547511572
                    ],
                    [
                        -0.7913041511888669,
                        0.20900071542855891,
                        0.5745924131605095
                    ],
                    [
                        0.31529857826345603,
                        -0.6656853529586769,
                        0.6763503658617509
                    ]
                ],
                "tran":[
                    -9.997794698390852,
                    -22.789092212373358,
                    -33.69601993366112
                ]
            },
            "D14_j2_D14":{
                "comB":[
                    34.77695458716477,
                    9.51754217273187,
                    5.625682799202367
                ],
                "rot":[
                    [
                        0.6427318355450966,
                        -0.6263785057475802,
                        -0.44107341238648645
                    ],
                    [
                        0.18263961054559535,
                        -0.43385875328213186,
                        0.8822751015755961
                    ],
                    [
                        -0.744001720587113,
                        -0.647623771751704,
                        -0.164453306520462
                    ]
                ],
                "tran":[
                    -19.905018370172037,
                    29.556131743229393,
                    7.867261682737725
                ]
            },
            "D14_j3_D54":{
                "comB":[
                    33.417721952180706,
                    24.875689631925926,
                    1.917776525548052
                ],
                "rot":[
                    [
                        0.9625140846632492,
                        -0.14123386556244422,
                        0.23155913292970642
                    ],
                    [
                        -0.24755585766207466,
                        -0.10860250889430112,
                        0.9627676731169664
                    ],
                    [
                        -0.11082749731931363,
                        -0.9840012653854426,
                        -0.1394947151607721
                    ]
                ],
                "tran":[
                    -25.794363001822944,
                    9.308370881966335,
                    -31.42016885366881
                ]
            },
            "D14_j2_D54":{
                "comB":[
                    37.44961010006329,
                    22.159217988829383,
                    9.702464940262916
                ],
                "rot":[
                    [
                        0.2326867834260271,
                        0.9328879887776381,
                        0.2749124610003399
                    ],
                    [
                        -0.91353913455587,
                        0.1126871955204634,
                        0.39082968874005075
                    ],
                    [
                        0.33362120803953926,
                        -0.3420841948411925,
                        0.8784505069644456
                    ]
                ],
                "tran":[
                    8.292335434875667,
                    -34.11429166977782,
                    -27.478979990987412
                ]
            },
            "D14_j1_D54":{
                "comB":[
                    36.172301080935334,
                    23.291124785771828,
                    9.1939239391347
                ],
                "rot":[
                    [
                        0.5852661769864741,
                        0.5556955074191345,
                        0.5904794705235984
                    ],
                    [
                        -0.7136512009134799,
                        0.007318565371104313,
                        0.7004629911962923
                    ],
                    [
                        0.38492267471582614,
                        -0.8313536802318854,
                        0.40085607498766235
                    ]
                ],
                "tran":[
                    -8.087634986236539,
                    -12.627840320427627,
                    -41.359012389635375
                ]
            },
            "D14_j1_D81":{
                "comB":[
                    37.53148808338259,
                    27.54854027452621,
                    5.839861447841114
                ],
                "rot":[
                    [
                        0.6524117701566469,
                        0.613037285601949,
                        0.4455829536942186
                    ],
                    [
                        -0.7214973743671111,
                        0.3224678130713099,
                        0.6127446844439955
                    ],
                    [
                        0.23194917749894012,
                        -0.721248775385304,
                        0.6526865886953429
                    ]
                ],
                "tran":[
                    -5.964336160910002,
                    -27.679726197196885,
                    -37.415212180985094
                ]
            },
            "D14_j2_D71":{
                "comB":[
                    33.04592817537008,
                    27.004577826394232,
                    -1.88612255673367
                ],
                "rot":[
                    [
                        0.7736388895003863,
                        0.4036980599441491,
                        0.4883756188119329
                    ],
                    [
                        -0.6038334773431169,
                        0.23615942468069512,
                        0.7613237535859515
                    ],
                    [
                        0.19201041714534164,
                        -0.8838872114313069,
                        0.4264685183877692
                    ]
                ],
                "tran":[
                    -8.897191864102712,
                    -21.38508226376592,
                    -35.893680284387486
                ]
            },
            "D14_j1_D79":{
                "comB":[
                    41.67251678284577,
                    20.67203173985004,
                    4.512724171173401
                ],
                "rot":[
                    [
                        0.48740753648663515,
                        0.8206968346788508,
                        0.2981452648024851
                    ],
                    [
                        -0.7355268500771613,
                        0.201884147190993,
                        0.6467171282164518
                    ],
                    [
                        0.4705678975361562,
                        -0.5345086497532849,
                        0.7020444125176991
                    ]
                ],
                "tran":[
                    -7.230207479407444,
                    -35.96176801184467,
                    -28.96155334200857
                ]
            },
            "D14_j2_D79":{
                "comB":[
                    33.77670847736819,
                    26.733954976017504,
                    4.253120213006127
                ],
                "rot":[
                    [
                        0.40345619236737584,
                        0.8733133929401224,
                        0.2730326327599503
                    ],
                    [
                        -0.7676341902483252,
                        0.16066523449348816,
                        0.6204227851932511
                    ],
                    [
                        0.4979566756277276,
                        -0.4599025985320842,
                        0.735206602977163
                    ]
                ],
                "tran":[
                    4.77660608485491,
                    -31.83684799004918,
                    -28.935420510850662
                ]
            }
        },
        "D14_j1_D18":{
            "D18_j1_D14":{
                "comB":[
                    -29.526168051587305,
                    15.89992344594564,
                    11.800285978570969
                ],
                "rot":[
                    [
                        0.5629002306266477,
                        -0.1722416800915499,
                        -0.8083787070425018
                    ],
                    [
                        -0.8250363378006498,
                        -0.17576444522364468,
                        -0.5370492538899166
                    ],
                    [
                        -0.049581969192019903,
