{
    "singlesData":{
        "D14":{
            "linkCount":14,
            "radii":{
                "avgAll":11.325864698541814,
                "maxCA":17.117369119118024,
                "maxHeavy":21.738502585826669
            }
        },
        "D54_j1_D79":{
            "linkCount":3,
            "radii":{
                "avgAll":16.196548155789596,
                "maxCA":26.521100833095574,
                "maxHeavy":28.103445868231187
            }
        },
        "D71":{
            "linkCount":1,
            "radii":{
                "avgAll":16.820571468011682,
                "maxCA":31.375870734616708,
                "maxHeavy":31.984924854949071
            }
        },
        "D76":{
            "linkCount":1,
            "radii":{
                "avgAll":16.383108615944071,
                "maxCA":29.942671440651839,
                "maxHeavy":32.591923306283945
            }
        },
        "D14_j1_D14":{
            "linkCount":14,
            "radii":{
                "avgAll":11.325864698541814,
                "maxCA":17.117369119118024,
                "maxHeavy":21.738502585826669
            }
        },
        "D14_j1_D18":{
            "linkCount":2,
            "radii":{
                "avgAll":11.325864698541814,
                "maxCA":17.117369119118024,
                "maxHeavy":21.738502585826669
            }
        },
        "D79":{
            "linkCount":3,
            "radii":{
                "avgAll":17.614358465243516,
                "maxCA":32.810310363363321,
                "maxHeavy":34.588055850771774
            }
        },
        "D18":{
            "linkCount":2,
            "radii":{
                "avgAll":16.880514008336867,
                "maxCA":28.109231141523164,
                "maxHeavy":29.610693207567049
            }
        },
        "D14_j2_D14":{
            "linkCount":14,
            "radii":{
                "avgAll":11.325864698541814,
                "maxCA":17.117369119118024,
                "maxHeavy":21.738502585826669
            }
        },
        "D14_j2_D79":{
            "linkCount":3,
            "radii":{
                "avgAll":11.325864698541814,
                "maxCA":17.117369119118024,
                "maxHeavy":21.738502585826669
            }
        },
        "D53":{
            "linkCount":3,
            "radii":{
                "avgAll":12.098676474905076,
                "maxCA":22.125075084224601,
                "maxHeavy":25.226424008090682
            }
        },
        "D54":{
            "linkCount":2,
            "radii":{
                "avgAll":16.196548155789596,
                "maxCA":26.521100833095574,
                "maxHeavy":28.103445868231187
            }
        },
        "D14_j2_D71":{
            "linkCount":1,
            "radii":{
                "avgAll":11.325864698541814,
                "maxCA":17.117369119118024,
                "maxHeavy":21.738502585826669
            }
        },
        "D14_j2_D54":{
            "linkCount":2,
            "radii":{
                "avgAll":11.325864698541814,
                "maxCA":17.117369119118024,
                "maxHeavy":21.738502585826669
            }
        },
        "D53_j1_D79":{
            "linkCount":3,
            "radii":{
                "avgAll":12.098676474905076,
                "maxCA":22.125075084224601,
                "maxHeavy":25.226424008090682
            }
        },
        "D79_j2_D14":{
            "linkCount":14,
            "radii":{
                "avgAll":17.614358465243516,
                "maxCA":32.810310363363321,
                "maxHeavy":34.588055850771774
            }
        },
        "D53_j1_D4":{
            "linkCount":2,
            "radii":{
                "avgAll":12.098676474905076,
                "maxCA":22.125075084224601,
                "maxHeavy":25.226424008090682
            }
        },
        "D79_j1_D54":{
            "linkCount":2,
            "radii":{
                "avgAll":17.614358465243516,
                "maxCA":32.810310363363321,
                "maxHeavy":34.588055850771774
            }
        },
        "D14_j4_D79":{
            "linkCount":3,
            "radii":{
                "avgAll":11.325864698541814,
                "maxCA":17.117369119118024,
                "maxHeavy":21.738502585826669
            }
        },
        "D8":{
            "linkCount":1,
            "radii":{
                "avgAll":11.902050174947162,
                "maxCA":23.227920490903067,
                "maxHeavy":24.806018490332715
            }
        },
        "D49_j1_D81":{
            "linkCount":1,
            "radii":{
                "avgAll":11.277502663520973,
                "maxCA":18.006624427763974,
                "maxHeavy":20.677608103096098
            }
        },
        "D49":{
            "linkCount":4,
            "radii":{
                "avgAll":11.277502663520973,
                "maxCA":18.006624427763974,
                "maxHeavy":20.677608103096098
            }
        },
        "D14_j3_D54":{
            "linkCount":2,
            "radii":{
                "avgAll":11.325864698541814,
                "maxCA":17.117369119118024,
                "maxHeavy":21.738502585826669
            }
        },
        "D14_j1_D54":{
            "linkCount":2,
            "radii":{
                "avgAll":11.325864698541814,
                "maxCA":17.117369119118024,
                "maxHeavy":21.738502585826669
            }
        },
        "D64":{
            "linkCount":1,
            "radii":{
                "avgAll":16.667598027383921,
                "maxCA":30.250718763799242,
                "maxHeavy":30.840330708915406
            }
        },
        "D14_j1_D81":{
            "linkCount":1,
            "radii":{
                "avgAll":11.325864698541814,
                "maxCA":17.117369119118024,
                "maxHeavy":21.738502585826669
            }
        },
        "D49_j1_D79":{
            "linkCount":3,
            "radii":{
                "avgAll":11.277502663520973,
                "maxCA":18.006624427763974,
                "maxHeavy":20.677608103096098
            }
        },
        "D14_j5_D79":{
            "linkCount":3,
            "radii":{
                "avgAll":11.325864698541814,
                "maxCA":17.117369119118024,
                "maxHeavy":21.738502585826669
            }
        },
        "D81":{
            "linkCount":1,
            "radii":{
                "avgAll":17.394628629819213,
                "maxCA":30.751251396950369,
                "maxHeavy":33.576685323136729
            }
        },
        "D49_j1_D14":{
            "linkCount":14,
            "radii":{
                "avgAll":11.277502663520973,
                "maxCA":18.006624427763974,
                "maxHeavy":20.677608103096098
            }
        },
        "D14_j1_D76":{
            "linkCount":1,
            "radii":{
                "avgAll":11.325864698541814,
                "maxCA":17.117369119118024,
                "maxHeavy":21.738502585826669
            }
        },
        "D4_j1_D64":{
            "linkCount":1,
            "radii":{
                "avgAll":12.420968630516739,
                "maxCA":19.802855503407997,
                "maxHeavy":21.177209710849812
            }
        },
        "D18_j1_D14":{
            "linkCount":14,
            "radii":{
                "avgAll":16.880514008336867,
                "maxCA":28.109231141523164,
                "maxHeavy":29.610693207567049
            }
        },
        "D4":{
            "linkCount":2,
            "radii":{
                "avgAll":12.420968630516739,
                "maxCA":19.802855503407997,
                "maxHeavy":21.177209710849812
            }
        },
        "D14_j1_D79":{
            "linkCount":3,
            "radii":{
                "avgAll":11.325864698541814,
                "maxCA":17.117369119118024,
                "maxHeavy":21.738502585826669
            }
        }
    },
    "complexity":303521499316224,
    "pairsData":{
        "D14":{
            "D14":{
                "comB":[
                    -8.152552295611823,
                    16.778811538544392,
                    4.9423080117682066
                ],
                "rot":[
                    [
                        0.8976393990629028,
                        0.36553856871990575,
                        -0.2462215750664295
                    ],
                    [
                        -0.4010817604179292,
                        0.9090999760764669,
                        -0.11256400382814334
                    ],
                    [
                        0.1826935431536797,
                        0.19979686753292772,
                        0.962654808856209
                    ]
                ],
                "tran":[
                    13.144799651035187,
                    -13.261002529864307,
                    -4.876380635157801
                ]
            },
            "D14_j1_D14":{
                "comB":[
                    -7.048381254285174,
                    27.0095148236524,
                    13.884422074160465
                ],
                "rot":[
                    [
                        0.8093460426636927,
                        0.08685247757606088,
                        -0.5808748835709104
                    ],
                    [
                        0.047670112884792115,
                        0.9760289817315697,
                        0.21235580321146127
                    ],
                    [
                        0.5853943487617305,
                        -0.19955970023763228,
                        0.7858049264791458
                    ]
                ],
                "tran":[
                    -3.710829363302482,
                    -22.97912876846562,
                    -20.740302122365947
                ]
            },
            "D14_j1_D18":{
                "comB":[
                    -14.655899343078556,
                    28.30081599268054,
                    11.400502314921336
                ],
                "rot":[
                    [
                        0.913137349213363,
                        0.12225966898324322,
                        -0.3888865577667864
                    ],
                    [
                        -0.09865166635393521,
                        0.9918857265349994,
                        0.08019073650820469
                    ],
                    [
                        0.3955351187912195,
                        -0.03486084962022973,
                        0.9177890231238177
                    ]
                ],
                "tran":[
                    11.665472695918654,
                    -25.881918833301214,
                    -18.432201407475038
                ]
            },
            "D14_j5_D79":{
                "comB":[
                    -10.43223076535565,
                    30.052676047005793,
                    12.557038926616585
                ],
                "rot":[
                    [
                        0.49883638532257546,
                        -0.10900447808471239,
                        -0.8598140987654167
                    ],
                    [
                        0.6961754026324742,
                        0.6413046584641559,
                        0.32259594511041845
                    ],
                    [
                        0.5162383843224159,
                        -0.7595040215756933,
                        0.39579233413815545
                    ]
                ],
                "tran":[
                    -22.20038304871682,
                    -10.87295945424799,
                    -23.63463027273748
                ]
            },
            "D14_j4_D79":{
                "comB":[
                    -2.981539953479629,
                    34.501039906209655,
                    7.476913410953735
                ],
                "rot":[
                    [
                        0.7711184417789646,
                        0.19604239455633704,
                        -0.6057588037205891
                    ],
                    [
                        0.04212555161216877,
                        0.9336220961657946,
                        0.3557741129598363
                    ],
                    [
                        0.6352966131263037,
                        -0.2998619033615395,
                        0.7116748219957221
                    ]
                ],
                "tran":[
                    -3.9043126608311463,
                    -29.384383478511655,
                    -19.40180196510655
                ]
            },
            "D14_j1_D76":{
                "comB":[
                    -8.29543494559384,
                    26.047101821788516,
                    14.814065810535773
                ],
                "rot":[
                    [
                        0.7216671446828826,
                        0.06279292570177553,
                        -0.6893863798821864
                    ],
                    [
                        0.2028881893555086,
                        0.9329572170955321,
                        0.29736713619598737
                    ],
                    [
                        0.6618405509677526,
                        -0.3544684464817298,
                        0.6605446279726529
                    ]
                ],
                "tran":[
                    -9.102655953609498,
                    -18.528818104918464,
                    -23.249663531224407
                ]
            },
            "D14_j2_D14":{
                "comB":[
                    -1.1257536381680628,
                    24.092066900955555,
                    10.549425653905397
                ],
                "rot":[
                    [
                        0.11832059619078626,
                        0.47056272807696564,
                        -0.8743974813903688
                    ],
                    [
                        0.8772215808796764,
                        -0.46214815508101476,
                        -0.13000531063835666
                    ],
                    [
                        -0.4652768364705235,
                        -0.751658035079768,
                        -0.4674694254643868
                    ]
                ],
                "tran":[
                    -16.092477777053084,
                    19.593402531718535,
                    7.079274444909013
                ]
            },
            "D14_j3_D54":{
                "comB":[
                    -14.218633949674821,
                    26.868927919558715,
                    6.743881703359525
                ],
                "rot":[
                    [
                        0.43701407201207587,
                        0.3853949000198185,
                        -0.8127050337620274
                    ],
                    [
                        0.7521204726938148,
                        0.33895832598099485,
                        0.5651743516853842
                    ],
                    [
                        0.49328845052185893,
                        -0.8582412389805537,
                        -0.14173383609734022
                    ]
                ],
                "tran":[
                    -17.321606602790943,
                    2.1602195695652737,
                    -25.785348077534493
                ]
            },
            "D14_j2_D54":{
                "comB":[
                    -13.985232969719195,
                    27.39687281382579,
                    12.94707736059695
                ],
                "rot":[
                    [
                        0.8386450268541843,
                        0.17092316090980944,
                        -0.5171651496353398
                    ],
                    [
                        -0.18467763834138598,
                        0.9824752148346175,
                        0.025231371986489892
                    ],
                    [
                        0.5124145673469797,
                        0.0743486738299467,
                        0.8555136386232168
                    ]
                ],
                "tran":[
                    10.153964804510688,
                    -25.488946310049787,
                    -19.000337053002674
                ]
            },
            "D14_j1_D54":{
                "comB":[
                    -15.487149859438057,
                    24.984127226232875,
                    13.726066746653014
                ],
                "rot":[
                    [
                        0.6479501045574377,
                        0.287099152841687,
                        -0.7055031810286833
                    ],
                    [
                        0.16595287502880485,
                        0.8507789739865343,
                        0.4986329117618433
                    ],
                    [
                        0.7433843590456284,
                        -0.44016952854554325,
                        0.5036173953174321
                    ]
                ],
                "tran":[
                    -4.315030703237362,
                    -10.767826194247604,
                    -30.296827580448927
                ]
            },
            "D14_j1_D81":{
                "comB":[
                    -17.387520832254154,
                    30.419419592349964,
                    8.276351671959368
                ],
                "rot":[
                    [
                        0.750955041834967,
                        0.05822465620976297,
                        -0.6577814337239216
                    ],
                    [
                        0.23581729145855665,
                        0.9067800284877012,
                        0.34948560054027006
                    ],
                    [
                        0.6168117461525784,
                        -0.4175642098469384,
                        0.6672206535046024
                    ]
                ],
                "tran":[
                    0.7788703714283862,
                    -23.115431495415237,
                    -27.590490277462212
                ]
            },
            "D14_j2_D71":{
                "comB":[
                    -15.942497360122973,
                    30.32879394938997,
                    -0.1349547417064494
                ],
                "rot":[
                    [
                        0.6300571363190501,
                        0.1175245362722932,
                        -0.7676040570159984
                    ],
                    [
                        0.4806358038577788,
                        0.7173740983203624,
                        0.5043447502542617
                    ],
                    [
                        0.6099321511639018,
                        -0.6867040020511237,
                        0.39550017009294214
                    ]
                ],
                "tran":[
                    -4.450106791490083,
                    -19.976130564542558,
                    -27.480319039215516
                ]
            },
            "D14_j1_D79":{
                "comB":[
                    -10.065969823456813,
                    34.63679830082084,
                    10.441662177947185
                ],
                "rot":[
                    [
                        0.630905094967704,
                        0.06387859530147938,
                        -0.773225895974845
                    ],
                    [
                        -0.0006585058164233831,
                        0.9966486339172971,
                        0.08179894180779679
                    ],
                    [
                        0.7758597344326366,
                        -0.05109819539959698,
                        0.6288327654575759
                    ]
                ],
                "tran":[
                    -1.7277850638639647,
                    -33.34416760284724,
                    -17.18258128754769
                ]
            },
            "D14_j2_D79":{
                "comB":[
                    -17.206154524703717,
                    28.780207412794702,
                    5.67532884424366
                ],
                "rot":[
                    [
                        0.646053299420545,
                        0.11702488310328502,
                        -0.7542680631197968
                    ],
                    [
                        -0.08738762952494052,
                        0.9930196625100554,
                        0.0792171198316855
                    ],
                    [
                        0.7582733916694155,
                        0.014735216424553998,
                        0.6517701564839267
                    ]
                ],
                "tran":[
                    9.327676152500912,
                    -26.649390828912704,
                    -18.95694795539874
                ]
            }
        },
        "D54_j1_D79":{
            "D79_j1_D54":{
                "comB":[
                    19.459725518966668,
                    34.543892503217826,
                    -0.5676822065838852
                ],
                "rot":[
                    [
                        0.9195103326408445,
                        0.11691335565756295,
                        -0.37527591907236924
                    ],
                    [
                        0.33856654387098445,
                        0.24944489918443963,
                        0.9072761088236156
                    ],
                    [
                        0.19968335818986024,
                        -0.9613056275398334,
                        0.18978421146730562
                    ]
                ],
                "tran":[
                    -29.47546829231453,
                    -11.437615693344112,
                    -23.93034487497395
                ]
            },
            "D79_j2_D14":{
                "comB":[
                    22.0783237924345,
                    32.602109404140144,
                    1.795492719580007
                ],
                "rot":[
                    [
                        0.9504134558802144,
                        0.13066192733159515,
                        -0.28220865264520295
                    ],
                    [
                        0.2342886757619759,
                        0.2959127680626622,
                        0.9260369593634981
                    ],
                    [
                        0.20450691746620114,
                        -0.9462362783382836,
                        0.2506268666064884
                    ]
                ],
                "tran":[
                    -28.98903173636742,
                    -10.83321642867248,
                    -24.41006296564168
                ]
            },
            "D79":{
                "comB":[
                    21.50786976817523,
                    22.98306385120269,
                    -7.522332299253321
                ],
                "rot":[
                    [
                        0.7103664639922042,
                        0.7031932964617622,
                        -0.029977902635976383
                    ],
                    [
                        0.3710299350722189,
                        -0.33794113223685374,
                        0.8649465754731781
                    ],
                    [
                        0.5980938673114087,
                        -0.6255517396296753,
                        -0.5009678102740431
                    ]
                ],
                "tran":[
                    -19.306813267633913,
                    -12.062875277876477,
                    -23.00280788627218
                ]
            }
        },
        "D71":{
            "D71":{
                "comB":[
                    -17.029233115179036,
                    13.559896207233411,
                    2.54550737787419
                ],
                "rot":[
                    [
                        0.9048832639121371,
                        -0.4184484980137121,
                        -0.07802008204165106
                    ],
                    [
                        0.4255765724793121,
                        0.8857544454034549,
                        0.1852664119714595
                    ],
                    [
                        -0.008417817322712212,
                        -0.20084799465786551,
                        0.9795862511251552
                    ]
                ],
                "tran":[
                    9.660121508234802,
                    -18.625335311905644,
                    -6.334359511275405
                ]
            }
        },
        "D76":{
            "D76":{
                "comB":[
                    -0.3765245556957998,
                    9.56382294457576,
                    18.87088860494694
                ],
                "rot":[
                    [
                        0.9187692793078277,
                        -0.35270516562834003,
                        0.17737552688931102
                    ],
                    [
                        0.38935201017932747,
                        0.8838485753938765,
                        -0.25926185207919117
                    ],
                    [
                        -0.0653301122721548,
                        0.3072633429377817,
                        0.9493793838699085
                    ]
                ],
                "tran":[
                    -2.144917222554911,
                    -14.384105757624862,
                    -15.369311905820732
                ]
            }
        },
        "D14_j1_D14":{
            "D14":{
                "comB":[
                    25.760712416732517,
                    15.293107260371354,
                    5.136899831044072
                ],
                "rot":[
                    [
                        -0.003324657860115321,
                        0.9316607735857414,
                        0.3633141197527701
                    ],
                    [
                        -0.9989492837676809,
                        -0.01970099231609851,
                        0.041378730790090495
                    ],
                    [
                        0.045708589019471,
                        -0.3627948095871521,
                        0.9307473615468763
                    ]
                ],
                "tran":[
                    15.127883656137355,
                    -21.835315273595086,
                    -14.773195888435176
                ]
            },
            "D14_j1_D14":{
                "comB":[
                    37.85281311878605,
                    15.254279301645706,
                    9.26468850285125
                ],
                "rot":[
                    [
                        0.4130191408947079,
                        0.8112316486815156,
                        0.4139062713128032
                    ],
                    [
                        -0.8575639498098984,
                        0.19342500947580743,
                        0.47662441995320637
                    ],
                    [
                        0.30659298954973546,
                        -0.5518061053366067,
                        0.7755712480953647
                    ]
                ],
                "tran":[
                    -5.392904890682512,
                    -28.545647432138374,
                    -30.123504786019307
                ]
            },
            "D14_j1_D18":{
                "comB":[
                    37.058009077030796,
                    23.532823205009745,
                    8.997622683193399
                ],
                "rot":[
                    [
                        0.20466769696200038,
                        0.8925443142977679,
                        0.40184049178125203
                    ],
                    [
                        -0.9672785479768025,
                        0.1215347929789035,
                        0.2227139526825035
                    ],
                    [
                        0.14994447120237525,
                        -0.4342740391852852,
                        0.8882132145186411
                    ]
                ],
                "tran":[
                    13.82907391243391,
                    -32.02853815163338,
                    -28.124304032179488
                ]
            },
            "D14_j5_D79":{
                "comB":[
                    39.74136180749874,
                    19.863213346609726,
                    7.9505834859394104
                ],
                "rot":[
                    [
                        0.9220114737873619,
                        0.2214533345304222,
                        0.3175740273224715
                    ],
                    [
                        -0.38253622897686423,
                        0.3946539469682238,
                        0.8354126499296991
                    ],
                    [
                        0.05967307369842026,
                        -0.8917436194152215,
                        0.4485893907657912
                    ]
                ],
                "tran":[
                    -29.518028595775586,
                    -9.550070543547466,
                    -32.781351420687145
                ]
            },
            "D14_j4_D79":{
                "comB":[
                    42.59993718573168,
                    14.442697642833227,
                    0.14450162756538076
                ],
                "rot":[
                    [
                        0.4143562184683515,
                        0.7392726779800222,
                        0.5308340906619072
                    ],
                    [
                        -0.8326762833559018,
                        0.0725042081811646,
                        0.548993029949037
                    ],
                    [
                        0.3673678420237808,
                        -0.6694916335461321,
                        0.6456173954119588
                    ]
                ],
                "tran":[
                    -5.678542335489275,
                    -32.44338337098137,
                    -30.63573202224064
                ]
            },
            "D14_j1_D76":{
                "comB":[
                    37.34321271119469,
                    16.425928148505342,
                    11.079320223604098
                ],
                "rot":[
                    [
                        0.5720647626903527,
                        0.6933398693937335,
                        0.43820284435077633
                    ],
                    [
                        -0.7578024690141502,
                        0.24237876952697845,
                        0.6057953037442974
                    ],
                    [
                        0.3138109705604451,
                        -0.6786253440534535,
                        0.6640710181631507
                    ]
                ],
                "tran":[
                    -12.39193944345777,
                    -22.354126978273705,
                    -33.67210762069176
                ]
            },
            "D14_j2_D14":{
                "comB":[
                    34.84310982377424,
                    9.957590360116766,
                    6.203747612215902
                ],
                "rot":[
                    [
                        0.6077502943779454,
                        -0.6514630960554163,
                        -0.4541314943509331
                    ],
                    [
                        0.17575492542361534,
                        -0.44733837788316605,
                        0.8769256421511445
                    ],
                    [
                        -0.7744351398747735,
                        -0.6127676640870898,
                        -0.15737218298158928
                    ]
                ],
                "tran":[
                    -18.12160565376891,
                    30.954868454237932,
                    8.067584515682064
                ]
            },
            "D14_j3_D54":{
                "comB":[
                    33.1386771414767,
                    25.18277864798533,
                    2.112552022309847
                ],
                "rot":[
                    [
                        0.9681643996948792,
                        -0.11653371639846744,
                        0.2215346205580887
                    ],
                    [
                        -0.23663995041942068,
                        -0.13758061458989718,
                        0.9618072095563439
                    ],
                    [
                        -0.0816040993391185,
                        -0.9836114412873755,
                        -0.16077718600480487
                    ]
                ],
                "tran":[
                    -25.95204306559007,
                    9.404365706755142,
                    -31.222692157192153
                ]
            },
            "D14_j2_D54":{
                "comB":[
                    37.0322687087743,
                    22.54867039820458,
                    9.993700485715744
                ],
                "rot":[
                    [
                        0.1891277504678333,
                        0.9323499828256955,
                        0.3081463995050123
                    ],
                    [
                        -0.9247835436977132,
                        0.06360745424414829,
                        0.3751392928906247
                    ],
                    [
                        0.33016070527680347,
                        -0.35591796988843427,
                        0.8742518558182304
                    ]
                ],
                "tran":[
                    10.549282440223477,
                    -32.40436102669343,
                    -28.60726373304569
                ]
            },
            "D14_j1_D54":{
                "comB":[
                    36.03346399530436,
                    23.4074075768835,
                    9.789780042005015
                ],
                "rot":[
                    [
                        0.6172283642707034,
                        0.5411045483968503,
                        0.571169864439601
                    ],
                    [
                        -0.6976803901306345,
                        0.04084692760186592,
                        0.7152437358919359
                    ],
                    [
                        0.3636911046023503,
                        -0.8399627350125292,
                        0.402729914736159
                    ]
                ],
                "tran":[
                    -9.470442707932998,
                    -12.23094152574005,
                    -41.265867669925036
                ]
            },
            "D14_j1_D81":{
                "comB":[
                    36.936865573354815,
                    27.55639855872005,
                    6.074030215613225
                ],
                "rot":[
                    [
                        0.5930324849684507,
                        0.6387305377371979,
                        0.49024052457349354
                    ],
                    [
                        -0.7619989397906621,
                        0.24850274169099845,
                        0.5980000026170268
                    ],
                    [
                        0.26013474879387327,
                        -0.7281961875305352,
                        0.63408219099415
                    ]
                ],
                "tran":[
                    -2.4868810160235686,
                    -26.017458957012497,
                    -38.438109152293194
                ]
            },
            "D14_j2_D71":{
                "comB":[
                    33.57451147459511,
                    27.47880654422099,
                    -1.6725092074735401
                ],
                "rot":[
                    [
                        0.7787547280315229,
                        0.36741358711232797,
                        0.5084764788796036
                    ],
                    [
                        -0.6012982663272746,
                        0.20611269463930423,
                        0.7719831293625132
                    ],
                    [
                        0.17883363352670056,
                        -0.906931537170131,
                        0.3814363884134039
                    ]
                ],
                "tran":[
                    -9.324249917727567,
                    -19.516313905191723,
                    -37.64706857017289
                ]
            },
            "D14_j1_D79":{
                "comB":[
                    43.18956187391323,
                    20.58668102664227,
                    4.351550024245516
                ],
                "rot":[
                    [
                        0.40415900301682356,
                        0.8864314456298137,
                        0.2255987421930481
                    ],
                    [
                        -0.7380464285167859,
                        0.17034133823329406,
                        0.652894553387074
                    ],
                    [
                        0.5403174711538236,
                        -0.43037555772549313,
                        0.7230725480049754
                    ]
                ],
                "tran":[
                    -4.612742365666254,
                    -39.91854779521635,
                    -26.330929113037733
                ]
            },
            "D14_j2_D79":{
                "comB":[
                    34.830064546638916,
                    26.97074650063299,
                    4.0955350713684755
                ],
                "rot":[
                    [
                        0.3342985844047631,
                        0.9115250694945811,
                        0.2395130563202555
                    ],
                    [
                        -0.7725620912662042,
                        0.1194776232146878,
                        0.623596754873979
                    ],
                    [
                        0.5398076246250691,
                        -0.3935062200701125,
                        0.744150914239022
                    ]
                ],
                "tran":[
                    6.982133988427671,
                    -33.35925916949849,
                    -28.20882137337754
                ]
            }
        },
        "D14_j1_D18":{
            "D18_j1_D14":{
                "comB":[
                    -29.316104108279795,
                    16.125291540001722,
                    12.19282641280743
                ],
                "rot":[
                    [
                        0.5678527839510631,
                        -0.13720654760555448,
                        -0.8116141811557952
                    ],
                    [
                        -0.817883844327568,
                        -0.20519765177214194,
                        -0.5375499426984965
                    ],
                    [
                        -0.09278595231491474,
