{
    "single_data":{
        "D53":{
            "link_count":3,
            "radii":{
                "average_all":12.050348930672659,
                "max_ca_dist":22.462062619944074,
                "max_heavy_dist":25.8871430929623
            }
        },
        "D14":{
            "link_count":14,
            "radii":{
                "average_all":11.338948152528275,
                "max_ca_dist":17.128961853464272,
                "max_heavy_dist":21.856433184897906
            }
        },
        "D53_j1_D4":{
            "link_count":2,
            "radii":{
                "average_all":17.30344508918582,
                "max_ca_dist":35.05841637394248,
                "max_heavy_dist":38.64453849695534
            }
        },
        "D81":{
            "link_count":1,
            "radii":{
                "average_all":13.687380497259484,
                "max_ca_dist":23.63033066465321,
                "max_heavy_dist":26.990331246669804
            }
        },
        "D79":{
            "link_count":3,
            "radii":{
                "average_all":13.691072517214234,
                "max_ca_dist":24.921651399908548,
                "max_heavy_dist":26.119281062772327
            }
        },
        "D8":{
            "link_count":1,
            "radii":{
                "average_all":11.861376014850359,
                "max_ca_dist":22.55899173545835,
                "max_heavy_dist":23.72511365008519
            }
        },
        "D49_j1_D79":{
            "link_count":3,
            "radii":{
                "average_all":17.660519217072967,
                "max_ca_dist":33.08756635375352,
                "max_heavy_dist":36.064884785219064
            }
        },
        "D14_j2_D79":{
            "link_count":3,
            "radii":{
                "average_all":16.888294638628636,
                "max_ca_dist":26.64516730691744,
                "max_heavy_dist":29.79912496570221
            }
        },
        "D14_j1_D54":{
            "link_count":2,
            "radii":{
                "average_all":16.221517384127093,
                "max_ca_dist":27.001689825101117,
                "max_heavy_dist":30.39056401851339
            }
        },
        "D53_j1_D79":{
            "link_count":3,
            "radii":{
                "average_all":18.320105861537982,
                "max_ca_dist":38.1201397350899,
                "max_heavy_dist":41.36851023506236
            }
        },
        "D64":{
            "link_count":1,
            "radii":{
                "average_all":13.929230944232065,
                "max_ca_dist":26.24881819601367,
                "max_heavy_dist":26.60950367082612
            }
        },
        "D14_j1_D81":{
            "link_count":1,
            "radii":{
                "average_all":17.477175135200522,
                "max_ca_dist":30.921588544477643,
                "max_heavy_dist":33.73755215772879
            }
        },
        "D18":{
            "link_count":2,
            "radii":{
                "average_all":14.3387030036856,
                "max_ca_dist":23.486006954024088,
                "max_heavy_dist":24.86320528689154
            }
        },
        "D54":{
            "link_count":2,
            "radii":{
                "average_all":11.535519403832078,
                "max_ca_dist":17.265168983014338,
                "max_heavy_dist":20.90898232677968
            }
        },
        "D71":{
            "link_count":1,
            "radii":{
                "average_all":12.877681949057926,
                "max_ca_dist":24.0722806105464,
                "max_heavy_dist":24.45972754215436
            }
        },
        "D14_j1_D76":{
            "link_count":1,
            "radii":{
                "average_all":16.243729092162884,
                "max_ca_dist":29.64265644841778,
                "max_heavy_dist":32.28900717546518
            }
        },
        "D14_j1_D14":{
            "link_count":14,
            "radii":{
                "average_all":15.64785373044114,
                "max_ca_dist":28.244777389162042,
                "max_heavy_dist":30.62743441981568
            }
        },
        "D14_j2_D71":{
            "link_count":1,
            "radii":{
                "average_all":16.79310069290045,
                "max_ca_dist":31.843772557988714,
                "max_heavy_dist":33.319991881177174
            }
        },
        "D14_j4_D79":{
            "link_count":3,
            "radii":{
                "average_all":18.57516243505786,
                "max_ca_dist":33.6422034829555,
                "max_heavy_dist":37.548556346933076
            }
        },
        "D14_j2_D14":{
            "link_count":14,
            "radii":{
                "average_all":15.723894639141946,
                "max_ca_dist":27.76163287168175,
                "max_heavy_dist":33.44492990772661
            }
        },
        "D14_j5_D79":{
            "link_count":3,
            "radii":{
                "average_all":17.114856679230986,
                "max_ca_dist":30.355803678587915,
                "max_heavy_dist":34.25724875132603
            }
        },
        "D14_j1_D79":{
            "link_count":3,
            "radii":{
                "average_all":17.54489645355441,
                "max_ca_dist":32.36309445882255,
                "max_heavy_dist":34.33693348339746
            }
        },
        "D14_j2_D54":{
            "link_count":2,
            "radii":{
                "average_all":16.348636509072264,
                "max_ca_dist":26.57867037837161,
                "max_heavy_dist":28.32406551081608
            }
        },
        "D49_j1_D14":{
            "link_count":14,
            "radii":{
                "average_all":15.258467663978236,
                "max_ca_dist":25.719901334087773,
                "max_heavy_dist":31.524492964502137
            }
        },
        "D49_j1_D81":{
            "link_count":1,
            "radii":{
                "average_all":16.718470737154583,
                "max_ca_dist":28.61404177718601,
                "max_heavy_dist":30.724761275574025
            }
        },
        "D4_j1_D64":{
            "link_count":1,
            "radii":{
                "average_all":16.66689885851519,
                "max_ca_dist":30.122225907017654,
                "max_heavy_dist":30.89191315741532
            }
        },
        "D79_j1_D54":{
            "link_count":2,
            "radii":{
                "average_all":16.107035852752393,
                "max_ca_dist":27.287533898421458,
                "max_heavy_dist":28.837715404445266
            }
        },
        "D49":{
            "link_count":4,
            "radii":{
                "average_all":11.245411302630757,
                "max_ca_dist":17.192813793194617,
                "max_heavy_dist":19.956494935001984
            }
        },
        "D79_j2_D14":{
            "link_count":14,
            "radii":{
                "average_all":16.5372674641998,
                "max_ca_dist":28.209747763059536,
                "max_heavy_dist":33.80295345048907
            }
        },
        "D54_j1_D79":{
            "link_count":3,
            "radii":{
                "average_all":16.971098881738527,
                "max_ca_dist":31.605578805181693,
                "max_heavy_dist":35.51329323682055
            }
        },
        "D14_j3_D54":{
            "link_count":2,
            "radii":{
                "average_all":15.581283314691445,
                "max_ca_dist":26.459290129781678,
                "max_heavy_dist":29.262196262708795
            }
        },
        "D76":{
            "link_count":1,
            "radii":{
                "average_all":13.573317595198048,
                "max_ca_dist":24.17313827763626,
                "max_heavy_dist":25.413012930497402
            }
        },
        "D14_j1_D18":{
            "link_count":2,
            "radii":{
                "average_all":16.865092074713203,
                "max_ca_dist":28.720665721080003,
                "max_heavy_dist":30.386263582997927
            }
        },
        "D18_j1_D14":{
            "link_count":14,
            "radii":{
                "average_all":17.242100704959846,
                "max_ca_dist":31.56379154932136,
                "max_heavy_dist":35.93968741177851
            }
        },
        "D4":{
            "link_count":2,
            "radii":{
                "average_all":12.477869892697663,
                "max_ca_dist":20.088179391139455,
                "max_heavy_dist":21.468423207924765
            }
        }
    },
    "double_data":{
        "D53":{
            "D53":{
                "com_b":[
                    -14.82258504125611,
                    18.46325380060836,
                    5.340643993780174
                ],
                "rot":[
                    [
                        0.8364696727403728,
                        -0.3717675790204344,
                        0.4026255751624571
                    ],
                    [
                        0.3436360901416381,
                        0.928138106919741,
                        0.14308700861925752
                    ],
                    [
                        -0.42688724991241206,
                        0.018668735166705197,
                        0.9041121358490295
                    ]
                ],
                "tran":[
                    8.333855338558104,
                    -22.74670905402717,
                    -1.5024409761029025
                ]
            },
            "D53_j1_D79":{
                "com_b":[
                    -27.302792208773408,
                    30.444116853173938,
                    4.889569450858215
                ],
                "rot":[
                    [
                        0.4598162891685457,
                        -0.5144048873882677,
                        0.7238484593106008
                    ],
                    [
                        0.292033317446032,
                        0.8573882984522914,
                        0.423794581346375
                    ],
                    [
                        -0.8386212027588691,
                        0.01652021513624637,
                        0.5444644715453145
                    ]
                ],
                "tran":[
                    7.7640687698827575,
                    -40.22789603741671,
                    4.198835471801484
                ]
            },
            "D53_j1_D4":{
                "com_b":[
                    -20.847244605165926,
                    24.6786898244707,
                    17.015264225791785
                ],
                "rot":[
                    [
                        0.39116414420016454,
                        -0.48928545535013046,
                        0.7794808243151137
                    ],
                    [
                        0.4431775535464624,
                        0.8424415376946537,
                        0.30640808017942334
                    ],
                    [
                        -0.8065880412730688,
                        0.22559255029695194,
                        0.5463732542189372
                    ]
                ],
                "tran":[
                    10.941961857395444,
                    -34.829123824123506,
                    -0.6084078473669292
                ]
            }
        },
        "D14":{
            "D14_j2_D71":{
                "com_b":[
                    -18.441675447264707,
                    26.86376176724368,
                    8.315931419968658
                ],
                "rot":[
                    [
                        0.9628385011096859,
                        0.1292640230267107,
                        -0.23713463081507785
                    ],
                    [
                        -0.09231792081147894,
                        0.9826574502283761,
                        0.16081584812359584
                    ],
                    [
                        0.25380981517250023,
                        -0.13294791409276047,
                        0.9580738123237085
                    ]
                ],
                "tran":[
                    18.125696760433055,
                    -22.908444746052567,
                    -16.660554649740007
                ]
            },
            "D14_j4_D79":{
                "com_b":[
                    -4.977255753940703,
                    32.77135246937413,
                    12.681497805732448
                ],
                "rot":[
                    [
                        0.4419605362115776,
                        -0.0031428282266933293,
                        -0.8970289889754471
                    ],
                    [
                        0.8238064087576306,
                        0.3971505947642664,
                        0.4044927761632406
                    ],
                    [
                        0.35498434517796795,
                        -0.9177480742061662,
                        0.17811397185353683
                    ]
                ],
                "tran":[
                    -29.29923276049559,
                    -1.3923845950556206,
                    -19.979269979021737
                ]
            },
            "D14":{
                "com_b":[
                    -9.211235394308314,
                    13.715742501080397,
                    9.959557308232597
                ],
                "rot":[
                    [
                        0.9075566028589704,
                        0.366532692493462,
                        -0.20492632320075116
                    ],
                    [
                        -0.38214541580244044,
                        0.9231836120820648,
                        -0.04119344079209941
                    ],
                    [
                        0.17408588049656837,
                        0.11569703417376542,
                        0.9779101709743742
                    ]
                ],
                "tran":[
                    11.867307320347631,
                    -10.438221036514143,
                    -11.062178364977104
                ]
            },
            "D14_j2_D14":{
                "com_b":[
                    -0.7863192002233664,
                    22.73450807636541,
                    13.195294534931715
                ],
                "rot":[
                    [
                        -0.11642649412691874,
                        0.1514603465729441,
                        -0.9815827193269646
                    ],
                    [
                        0.9639127103298424,
                        -0.22099877258628395,
                        -0.14843122777883982
                    ],
                    [
                        -0.2394100213647965,
                        -0.9634413868686351,
                        -0.12026444087405044
                    ]
                ],
                "tran":[
                    -18.84654393912898,
                    17.856287425687228,
                    4.189598327320599
                ]
            },
            "D14_j5_D79":{
                "com_b":[
                    -9.64390939498801,
                    26.652274992883555,
                    18.637006607178986
                ],
                "rot":[
                    [
                        0.9053991131375551,
                        0.10100173057578442,
                        -0.4123725213328663
                    ],
                    [
                        0.11014403740589152,
                        0.8821563158681262,
                        0.45789575822222384
                    ],
                    [
                        0.41002528818800654,
                        -0.4599987878186992,
                        0.7875788076450955
                    ]
                ],
                "tran":[
                    -1.845646165437535,
                    -13.964420730945076,
                    -30.858958340686357
                ]
            },
            "D14_j1_D79":{
                "com_b":[
                    -11.634698659802398,
                    30.38111953914662,
                    17.146238074142268
                ],
                "rot":[
                    [
                        0.9257879161982098,
                        0.22308871833142618,
                        -0.30520183153876795
                    ],
                    [
                        -0.22098467935853983,
                        0.9743768654073922,
                        0.04189863539148231
                    ],
                    [
                        0.3067287168006607,
                        0.02865567853160461,
                        0.951365516706231
                    ]
                ],
                "tran":[
                    12.22578178532405,
                    -27.49842709821225,
                    -21.13619843570349
                ]
            },
            "D14_j2_D54":{
                "com_b":[
                    -13.010949126867244,
                    23.370599165652436,
                    20.25688883424028
                ],
                "rot":[
                    [
                        0.896160090708247,
                        0.31115831517937853,
                        -0.31635043024550746
                    ],
                    [
                        -0.3303082669844948,
                        0.9438445211781316,
                        -0.007346332671748779
                    ],
                    [
                        0.2962997478626782,
                        0.11107665252768012,
                        0.9486139555581916
                    ]
                ],
                "tran":[
                    13.377284404461967,
                    -20.25981437228339,
                    -23.160298602329142
                ]
            },
            "D14_j2_D79":{
                "com_b":[
                    -18.09260495126991,
                    23.285896775230743,
                    14.165166231028238
                ],
                "rot":[
                    [
                        0.8372127251826995,
                        0.01909795122462124,
                        -0.5465437960961397
                    ],
                    [
                        0.33476274992192273,
                        0.7723740066595675,
                        0.539789120954988
                    ],
                    [
                        0.4324450879092849,
                        -0.6348808251126097,
                        0.6402480643059083
                    ]
                ],
                "tran":[
                    1.2264517020057504,
                    -8.646697279447897,
                    -31.527095002272507
                ]
            },
            "D14_j1_D54":{
                "com_b":[
                    -12.797033189190788,
                    20.914247357884147,
                    21.959620223416767
                ],
                "rot":[
                    [
                        0.9035162151269152,
                        0.021495378234802687,
                        -0.4280144830695292
                    ],
                    [
                        0.23436387493970945,
                        0.8113794191901126,
                        0.5354783023036128
                    ],
                    [
                        0.3587924513224571,
                        -0.584124461762438,
                        0.7280567217221224
                    ]
                ],
                "tran":[
                    -1.2181630303600313,
                    -3.8671614618425445,
                    -32.66429032457635
                ]
            },
            "D14_j1_D81":{
                "com_b":[
                    -17.571578925049458,
                    26.628391748419585,
                    17.138980165960486
                ],
                "rot":[
                    [
                        0.8882118438671508,
                        0.024431706690317467,
                        -0.4587840582695894
                    ],
                    [
                        0.07921815219816403,
                        0.9754846127562709,
                        0.20531501318232098
                    ],
                    [
                        0.45255298560105,
                        -0.21870725178636902,
                        0.8645015519012267
                    ]
                ],
                "tran":[
                    5.741535882094105,
                    -21.797863500128464,
                    -28.345443843766546
                ]
            },
            "D14_j3_D54":{
                "com_b":[
                    -15.084773161798653,
                    23.09947432053374,
                    14.885658211268417
                ],
                "rot":[
                    [
                        0.5338735089830611,
                        0.04052002604406721,
                        -0.8445929220017783
                    ],
                    [
                        0.7269294817499781,
                        0.4882226683048569,
                        0.4829204434645466
                    ],
                    [
                        0.43191735895749994,
                        -0.8717779267925257,
                        0.2311939475602776
                    ]
                ],
                "tran":[
                    -15.167702297374648,
                    2.310536666536162,
                    -27.337175109023796
                ]
            },
            "D14_j1_D18":{
                "com_b":[
                    -13.904843952701157,
                    24.537708754058933,
                    18.919919557186006
                ],
                "rot":[
                    [
                        0.7632893933468345,
                        0.5564173492018499,
                        -0.3283124053571643
                    ],
                    [
                        -0.6415874201683903,
                        0.5931653514586694,
                        -0.4863336798028515
                    ],
                    [
                        -0.07586095363156023,
                        0.5818544485832344,
                        0.8097471928805993
                    ]
                ],
                "tran":[
                    27.791788301840203,
                    -17.826661585050104,
                    -7.951970322893331
                ]
            },
            "D14_j1_D76":{
                "com_b":[
                    -6.630533342719216,
                    22.483716480307386,
                    19.982330572422576
                ],
                "rot":[
                    [
                        0.8698994718414583,
                        -0.1233696228571088,
                        -0.4775508821539824
                    ],
                    [
                        0.18153478931003764,
                        0.980331915331602,
                        0.07742387262617156
                    ],
                    [
                        0.458606617004282,
                        -0.15404308468207312,
                        0.8751860938689096
                    ]
                ],
                "tran":[
                    -7.477708304980535,
                    -19.781371398232338,
                    -22.395451287977036
                ]
            },
            "D14_j1_D14":{
                "com_b":[
                    -6.597641651131393,
                    24.0309803345008,
                    19.006014017584878
                ],
                "rot":[
                    [
                        0.9149059520346464,
                        -0.038780620809006766,
                        -0.40179990341119437
                    ],
                    [
                        0.24044267818926376,
                        0.8518863891410553,
                        0.4652707797631268
                    ],
                    [
                        0.3242443791906827,
                        -0.5222888505854604,
                        0.7887204442116149
                    ]
                ],
                "tran":[
                    -5.904444871150331,
                    -10.800896488328293,
                    -28.822276555513522
                ]
            }
        },
        "D53_j1_D4":{
            "D4_j1_D64":{
                "com_b":[
                    -28.935191082906687,
                    -4.6509798378261875,
                    19.171613909967586
                ],
                "rot":[
                    [
                        0.9071054993846042,
                        0.23817860827525295,
                        -0.3470310700013375
                    ],
                    [
                        0.333400906899899,
                        -0.9098492049658147,
                        0.2470187432188104
                    ],
                    [
                        -0.2569113626613941,
                        -0.33977253388574497,
                        -0.9047381814383246
                    ]
                ],
                "tran":[
                    32.72331730698133,
                    9.174041071415925,
                    8.452759976223348
                ]
            },
            "D4":{
                "com_b":[
                    -19.19806687451489,
                    1.9746116568313374,
                    17.333169186186318
                ],
                "rot":[
                    [
                        0.07636142234619123,
                        0.9360007187283986,
                        0.3436154648981739
                    ],
                    [
                        0.9259747073971784,
                        0.06123694013793435,
                        -0.37258673946244125
                    ],
                    [
                        -0.3697834155799537,
                        0.34663048293891374,
                        -0.8620368517990158
                    ]
                ],
                "tran":[
                    6.047069746170985,
                    11.840280411047088,
                    22.27429739011574
                ]
            }
        },
        "D81":{
            "D81":{
                "com_b":[
                    -2.3557430292494157,
                    -15.120172474074282,
                    -7.435529966997023
                ],
                "rot":[
                    [
                        -0.3954096887301165,
                        -0.6767073506734742,
                        -0.621062267089895
                    ],
                    [
                        0.8617825075648169,
                        -0.039392699318704594,
                        -0.5057461071483221
                    ],
                    [
                        0.3177767891360991,
                        -0.7351975086906055,
                        0.5987508125267786
                    ]
                ],
                "tran":[
                    14.46165537003416,
                    -7.656356139639586,
                    -4.658001865294455
                ]
            }
        },
        "D79":{
            "D79_j2_D14":{
                "com_b":[
                    6.298779263036953,
                    -9.583294483245123,
                    26.20641217433817
                ],
                "rot":[
                    [
                        0.2848913591069247,
                        -0.9375315034498077,
                        0.1996787258206374
                    ],
                    [
                        0.5815884968354346,
                        0.0034726730094565283,
                        -0.8134757285198309
                    ],
                    [
                        0.7619657038574044,
                        0.3478830558985495,
                        0.5462468723606364
                    ]
                ],
                "tran":[
                    -16.189321249716087,
                    -3.1781831108785656,
                    -23.36868036487249
                ]
            },
            "D79":{
                "com_b":[
                    1.2253404175195566,
                    -3.0106282736719914,
                    21.741797089621965
                ],
                "rot":[
                    [
                        0.8890340769139958,
                        -0.44792509085360394,
                        -0.09477089779816333
                    ],
                    [
                        0.30408201272996066,
                        0.7324237509410646,
                        -0.609171222721098
                    ],
                    [
                        0.34227553172813197,
                        0.5127558503237312,
                        0.7873556365067896
                    ]
                ],
                "tran":[
                    -7.615576641530518,
                    -8.39431728351903,
                    -18.836387981455545
                ]
            },
            "D79_j1_D54":{
                "com_b":[
                    3.0092793799727606,
                    -12.321573856726767,
                    25.34535399490628
                ],
                "rot":[
                    [
                        0.18756601368242268,
                        -0.9388868038121783,
                        0.288635687569361
                    ],
                    [
                        0.8308887065231642,
                        -0.005064416653957612,
                        -0.5564155902346898
                    ],
                    [
                        0.5238730264897671,
                        0.34418878731200364,
                        0.779160529547759
                    ]
                ],
                "tran":[
                    -3.6043292779789358,
                    -5.96061554050271,
                    -27.472600653284264
                ]
            }
        },
        "D8":{
            "D8":{
                "com_b":[
                    12.768182835836653,
                    5.424336726028682,
                    11.721157337445144
                ],
                "rot":[
                    [
                        0.7986952606342375,
                        -0.43419184064469435,
                        0.41660932077664714
                    ],
                    [
                        0.5680280241660164,
                        0.7724985755653282,
                        -0.28388398072379933
                    ],
                    [
                        -0.19856999874718953,
                        0.46338255930398464,
                        0.8636240845011388
                    ]
                ],
                "tran":[
                    -10.951592192979295,
                    -4.077831472093954,
                    -13.9021354510635
                ]
            }
        },
        "D49_j1_D79":{
            "D79_j2_D14":{
                "com_b":[
                    -21.85565405420885,
                    31.356347268252993,
                    -13.253139404690776
                ],
                "rot":[
                    [
                        -0.8736489921876534,
                        0.46403503179369854,
                        -0.14631789951239554
                    ],
                    [
                        0.3215422809860974,
                        0.7763247122772726,
                        0.542153578468194
                    ],
                    [
                        0.36516845426153105,
                        0.4266045362813571,
                        -0.8274421850718108
                    ]
                ],
                "tran":[
                    -24.33693313156429,
                    -8.547068757165581,
                    -31.16403590093482
                ]
            },
            "D79":{
                "com_b":[
                    -15.287341165528092,
                    30.609687857047376,
                    -3.2820038350635232
                ],
                "rot":[
                    [
                        -0.9879110235420333,
                        -0.1454458608001219,
                        -0.05364057363828166
                    ],
                    [
                        -0.1102007831637487,
                        0.41553413191690874,
                        0.9028771636286733
                    ],
                    [
                        -0.10903025705843644,
                        0.8978735360774217,
                        -0.4265389973467827
                    ]
                ],
                "tran":[
                    -12.08715900563236,
                    -11.996026178282953,
                    -29.85671252654931
                ]
            },
            "D79_j1_D54":{
                "com_b":[
                    -18.6136814338653,
                    33.066332267932,
                    -14.303826081214535
                ],
                "rot":[
                    [
                        -0.7541797362261473,
                        0.4321981809293519,
                        -0.4943861424708603
                    ],
                    [
                        0.060602549312686216,
                        0.7954673776314776,
                        0.6029585243952551
                    ],
                    [
                        0.6538656257081128,
                        0.42477804030512145,
                        -0.6261176886112372
                    ]
                ],
                "tran":[
                    -6.68918519523373,
                    -12.182438149304364,
                    -38.09585159697278
                ]
            }
        },
        "D14_j2_D79":{
            "D79_j2_D14":{
                "com_b":[
                    -34.305860943780644,
                    -3.2933752976930095,
                    -1.0442011290510778
                ],
                "rot":[
                    [
                        -0.8039753221089537,
                        0.061981541211825364,
                        -0.591423680612141
                    ],
                    [
                        0.5831158628040661,
                        0.27720934458501145,
                        -0.7636300608416475
                    ],
                    [
                        0.11661720278790182,
                        -0.9588082539401481,
                        -0.25901189198600555
                    ]
                ],
                "tran":[
                    -25.538874409431255,
                    2.038095880332227,
                    -23.07467943494018
                ]
            },
            "D79":{
                "com_b":[
                    -26.228364297977684,
                    4.788692179565072,
                    -5.391882678988085
                ],
                "rot":[
                    [
                        -0.7832604742399418,
                        -0.12272954649829532,
                        -0.6094591765735786
                    ],
                    [
                        0.16434146912280173,
                        0.9045747352103173,
                        -0.39336551697593425
                    ],
                    [
                        0.5995789447770665,
                        -0.4082670778246852,
                        -0.6883480821099978
                    ]
                ],
                "tran":[
                    -18.097762439509125,
                    -9.752053401340671,
                    -17.812903034107663
                ]
            },
            "D79_j1_D54":{
                "com_b":[
                    -32.15807044307651,
                    -6.261912622106092,
                    -3.6170875930287147
                ],
                "rot":[
                    [
                        -0.5380891139171738,
                        -0.020057146306498574,
                        -0.842649284320512
                    ],
                    [
                        0.8070086039403641,
                        0.2763152154682615,
                        -0.521907094095255
                    ],
                    [
                        0.24330478550586665,
                        -0.9608577483596453,
                        -0.13249591981331468
                    ]
                ],
                "tran":[
                    -11.370435545860952,
                    -2.3902440286479614,
                    -30.84536101175249
                ]
            }
        },
        "D14_j1_D54":{
            "D54_j1_D79":{
                "com_b":[
                    3.100831420702408,
                    10.377597543564576,
                    42.72500838145988
                ],
                "rot":[
                    [
                        0.9014361431654695,
                        -0.25679401808115365,
                        -0.34852505228849784
                    ],
                    [
                        -0.29095447605287167,
                        0.23675998904651185,
                        -0.9269790722834548
                    ],
                    [
                        0.3205594682110682,
                        0.9370173636942016,
                        0.13870864239767267
                    ]
                ],
                "tran":[
                    -13.471699026583085,
                    -41.69479963823721,
                    4.774205267481163
                ]
            },
            "D54":{
                "com_b":[
                    -1.1498012085161706,
                    5.1166381020571325,
                    30.81095092291556
                ],
                "rot":[
                    [
                        0.981772347455145,
                        -0.04864801236619004,
                        0.18372922648624407
                    ],
                    [
                        0.17149603252505702,
                        -0.18995255554917811,
                        -0.9666990935490227
                    ],
                    [
                        0.08192782555749317,
                        0.9805872717576726,
                        -0.17814722525558915
                    ]
                ],
                "tran":[
                    -2.2729143152507625,
                    -29.296843365865822,
                    10.646386916334183
                ]
            }
        },
        "D53_j1_D79":{
            "D79_j2_D14":{
                "com_b":[
                    -6.647087828578498,
                    39.36564266004259,
                    9.062093872935
                ],
                "rot":[
                    [
                        -0.2739444928006495,
                        -0.9537511340552701,
                        0.12374647127284963
                    ],
                    [
                        0.8199673890195922,
                        -0.16437756801326445,
                        0.5483005526884306
                    ],
                    [
                        -0.5026011299316673,
                        0.25167198775853444,
                        0.8270751566629722
                    ]
                ],
                "tran":[
                    -29.544857712750748,
                    -2.1495141291907043,
