{
    "single_data":{
        "D14_j1_D14":{
            "link_count":14,
            "radii":{
                "average_all":15.64785373044114,
                "max_ca_dist":28.244777389162042,
                "max_heavy_dist":30.62743441981568
            }
        },
        "D81":{
            "link_count":1,
            "radii":{
                "average_all":13.687380497259484,
                "max_ca_dist":23.63033066465321,
                "max_heavy_dist":26.990331246669804
            }
        },
        "D14_j1_D79":{
            "link_count":3,
            "radii":{
                "average_all":17.54489645355441,
                "max_ca_dist":32.36309445882255,
                "max_heavy_dist":34.33693348339745
            }
        },
        "D53_j1_D79":{
            "link_count":3,
            "radii":{
                "average_all":18.320105861537982,
                "max_ca_dist":38.1201397350899,
                "max_heavy_dist":41.36851023506236
            }
        },
        "D14_j2_D14":{
            "link_count":14,
            "radii":{
                "average_all":15.723894639141946,
                "max_ca_dist":27.76163287168175,
                "max_heavy_dist":33.44492990772661
            }
        },
        "D18":{
            "link_count":2,
            "radii":{
                "average_all":14.3387030036856,
                "max_ca_dist":23.486006954024088,
                "max_heavy_dist":24.86320528689154
            }
        },
        "D18_j1_D14":{
            "link_count":14,
            "radii":{
                "average_all":17.242100704959846,
                "max_ca_dist":31.563791549321362,
                "max_heavy_dist":35.93968741177851
            }
        },
        "D49_j1_D14":{
            "link_count":14,
            "radii":{
                "average_all":15.258467663978236,
                "max_ca_dist":25.719901334087773,
                "max_heavy_dist":31.524492964502137
            }
        },
        "D14":{
            "link_count":14,
            "radii":{
                "average_all":11.338948152528275,
                "max_ca_dist":17.128961853464272,
                "max_heavy_dist":21.85643318489791
            }
        },
        "D79_j2_D14":{
            "link_count":14,
            "radii":{
                "average_all":16.5372674641998,
                "max_ca_dist":28.209747763059536,
                "max_heavy_dist":33.80295345048907
            }
        },
        "D14_j1_D18":{
            "link_count":2,
            "radii":{
                "average_all":16.865092074713203,
                "max_ca_dist":28.720665721080003,
                "max_heavy_dist":30.386263582997927
            }
        },
        "D79":{
            "link_count":3,
            "radii":{
                "average_all":13.691072517214234,
                "max_ca_dist":24.921651399908548,
                "max_heavy_dist":26.119281062772327
            }
        },
        "D14_j4_D79":{
            "link_count":3,
            "radii":{
                "average_all":18.57516243505786,
                "max_ca_dist":33.64220348295551,
                "max_heavy_dist":37.548556346933076
            }
        },
        "D53":{
            "link_count":3,
            "radii":{
                "average_all":12.050348930672659,
                "max_ca_dist":22.462062619944074,
                "max_heavy_dist":25.8871430929623
            }
        },
        "D71":{
            "link_count":1,
            "radii":{
                "average_all":12.877681949057926,
                "max_ca_dist":24.0722806105464,
                "max_heavy_dist":24.45972754215436
            }
        },
        "D54_j1_D79":{
            "link_count":3,
            "radii":{
                "average_all":16.971098881738527,
                "max_ca_dist":31.605578805181693,
                "max_heavy_dist":35.51329323682055
            }
        },
        "D14_j2_D79":{
            "link_count":3,
            "radii":{
                "average_all":16.888294638628636,
                "max_ca_dist":26.64516730691744,
                "max_heavy_dist":29.79912496570221
            }
        },
        "D14_j2_D54":{
            "link_count":2,
            "radii":{
                "average_all":16.348636509072264,
                "max_ca_dist":26.57867037837161,
                "max_heavy_dist":28.32406551081608
            }
        },
        "D49_j1_D81":{
            "link_count":1,
            "radii":{
                "average_all":16.718470737154583,
                "max_ca_dist":28.61404177718601,
                "max_heavy_dist":30.724761275574025
            }
        },
        "D14_j1_D54":{
            "link_count":2,
            "radii":{
                "average_all":16.221517384127093,
                "max_ca_dist":27.001689825101117,
                "max_heavy_dist":30.39056401851339
            }
        },
        "D49_j1_D79":{
            "link_count":3,
            "radii":{
                "average_all":17.660519217072967,
                "max_ca_dist":33.08756635375352,
                "max_heavy_dist":36.06488478521906
            }
        },
        "D14_j1_D76":{
            "link_count":1,
            "radii":{
                "average_all":16.243729092162884,
                "max_ca_dist":29.64265644841778,
                "max_heavy_dist":32.28900717546518
            }
        },
        "D49":{
            "link_count":4,
            "radii":{
                "average_all":11.245411302630757,
                "max_ca_dist":17.192813793194617,
                "max_heavy_dist":19.956494935001984
            }
        },
        "D4":{
            "link_count":2,
            "radii":{
                "average_all":12.477869892697663,
                "max_ca_dist":20.088179391139455,
                "max_heavy_dist":21.468423207924765
            }
        },
        "D54":{
            "link_count":2,
            "radii":{
                "average_all":11.535519403832078,
                "max_ca_dist":17.265168983014338,
                "max_heavy_dist":20.90898232677968
            }
        },
        "D53_j1_D4":{
            "link_count":2,
            "radii":{
                "average_all":17.30344508918582,
                "max_ca_dist":35.05841637394248,
                "max_heavy_dist":38.64453849695534
            }
        },
        "D14_j5_D79":{
            "link_count":3,
            "radii":{
                "average_all":17.114856679230982,
                "max_ca_dist":30.355803678587915,
                "max_heavy_dist":34.25724875132603
            }
        },
        "D79_j1_D54":{
            "link_count":2,
            "radii":{
                "average_all":16.107035852752393,
                "max_ca_dist":27.287533898421458,
                "max_heavy_dist":28.837715404445266
            }
        },
        "D14_j2_D71":{
            "link_count":1,
            "radii":{
                "average_all":16.79310069290045,
                "max_ca_dist":31.84377255798871,
                "max_heavy_dist":33.319991881177174
            }
        },
        "D14_j3_D54":{
            "link_count":2,
            "radii":{
                "average_all":15.581283314691445,
                "max_ca_dist":26.459290129781678,
                "max_heavy_dist":29.262196262708795
            }
        },
        "D8":{
            "link_count":1,
            "radii":{
                "average_all":11.861376014850359,
                "max_ca_dist":22.55899173545835,
                "max_heavy_dist":23.72511365008519
            }
        },
        "D76":{
            "link_count":1,
            "radii":{
                "average_all":13.573317595198048,
                "max_ca_dist":24.17313827763626,
                "max_heavy_dist":25.413012930497402
            }
        },
        "D64":{
            "link_count":1,
            "radii":{
                "average_all":13.929230944232065,
                "max_ca_dist":26.24881819601367,
                "max_heavy_dist":26.60950367082612
            }
        },
        "D14_j1_D81":{
            "link_count":1,
            "radii":{
                "average_all":17.477175135200522,
                "max_ca_dist":30.921588544477643,
                "max_heavy_dist":33.73755215772879
            }
        },
        "D4_j1_D64":{
            "link_count":1,
            "radii":{
                "average_all":16.66689885851519,
                "max_ca_dist":30.122225907017654,
                "max_heavy_dist":30.89191315741532
            }
        }
    },
    "double_data":{
        "D14_j1_D14":{
            "D14_j3_D54":{
                "com_b":[
                    35.54519679392013,
                    16.59548402836542,
                    12.188977750747354
                ],
                "rot":[
                    [
                        0.8987028563658778,
                        -0.059575858105255036,
                        0.4344926847379998
                    ],
                    [
                        -0.395574981892463,
                        0.31763592844440963,
                        0.8617585802659786
                    ],
                    [
                        -0.1893504942179709,
                        -0.9463393334804797,
                        0.26189359718620453
                    ]
                ],
                "tran":[
                    -23.071822633650086,
                    8.381222703634387,
                    -32.93764396880764
                ]
            },
            "D14_j2_D79":{
                "com_b":[
                    35.94657671440253,
                    16.70987024710046,
                    15.42969987901604
                ],
                "rot":[
                    [
                        0.49151718275565925,
                        0.39958693586051963,
                        0.7737836517693694
                    ],
                    [
                        -0.8667976790202419,
                        0.3102761908540836,
                        0.39037221857376314
                    ],
                    [
                        -0.08409900535119916,
                        -0.8625885265169496,
                        0.4988671077754654
                    ]
                ],
                "tran":[
                    -1.88666095676448,
                    -6.2389752506803315,
                    -42.03531227160669
                ]
            },
            "D14":{
                "com_b":[
                    27.114066493946897,
                    8.039982724457092,
                    11.345438222953987
                ],
                "rot":[
                    [
                        -0.10804301170325559,
                        0.8928402375971145,
                        0.4372219319174406
                    ],
                    [
                        -0.992221011712198,
                        -0.06948814788628765,
                        -0.10329017968885496
                    ],
                    [
                        -0.06183988631063872,
                        -0.4449805697228394,
                        0.8934025526212834
                    ]
                ],
                "tran":[
                    11.60852580638962,
                    -18.60134649791389,
                    -21.160456743311123
                ]
            },
            "D14_j1_D18":{
                "com_b":[
                    39.09588988067218,
                    11.672103610156686,
                    17.655825565546095
                ],
                "rot":[
                    [
                        -0.6114509738856819,
                        0.7884154904766941,
                        -0.0672957718630603
                    ],
                    [
                        -0.7883414855109275,
                        -0.6142969217985973,
                        -0.03401461584660324
                    ],
                    [
                        -0.06815723554161482,
                        0.03225377877337671,
                        0.9971530900509521
                    ]
                ],
                "tran":[
                    34.31019570328535,
                    -24.223134969111882,
                    -14.57755081347062
                ]
            },
            "D14_j2_D54":{
                "com_b":[
                    38.72813027003511,
                    10.445867684286009,
                    18.685545192363772
                ],
                "rot":[
                    [
                        -0.1471757215463968,
                        0.8979732859883544,
                        0.41470867441925324
                    ],
                    [
                        -0.9846650238868002,
                        -0.17272026384786912,
                        0.024545899664291215
                    ],
                    [
                        0.09367015384477806,
                        -0.40473656630900046,
                        0.909623116554926
                    ]
                ],
                "tran":[
                    14.23524317665883,
                    -25.40988997544971,
                    -33.31409863951323
                ]
            },
            "D14_j1_D79":{
                "com_b":[
                    43.69861012781973,
                    10.530963863802603,
                    12.515614219316936
                ],
                "rot":[
                    [
                        -0.07524580489564053,
                        0.8811441580146826,
                        0.46682228057602765
                    ],
                    [
                        -0.9966226825095656,
                        -0.08189270668275955,
                        -0.006067396444029122
                    ],
                    [
                        0.03288308916517425,
                        -0.4657022196519661,
                        0.8843303370676531
                    ]
                ],
                "tran":[
                    13.371982488912098,
                    -31.813816570460865,
                    -31.403526646349334
                ]
            },
            "D14_j1_D54":{
                "com_b":[
                    38.129348687525535,
                    10.956405331922891,
                    18.47009080546801
                ],
                "rot":[
                    [
                        0.4790431282649624,
                        0.3687694283636363,
                        0.7965718988054222
                    ],
                    [
                        -0.8663525149177929,
                        0.34465265783777466,
                        0.36145243856000386
                    ],
                    [
                        -0.14124801293375672,
                        -0.8632633747297024,
                        0.48458780906307486
                    ]
                ],
                "tran":[
                    -6.16462953522926,
                    -1.8925394170794037,
                    -43.283367945929385
                ]
            },
            "D14_j1_D81":{
                "com_b":[
                    39.91771429807501,
                    16.2752551104083,
                    16.657840745366833
                ],
                "rot":[
                    [
                        0.29376500339980466,
                        0.7731326095695294,
                        0.56211039022395
                    ],
                    [
                        -0.9556575641563188,
                        0.2249291726791811,
                        0.1900670601358116
                    ],
                    [
                        0.02051201716856421,
                        -0.5930200968753657,
                        0.8049263456078501
                    ]
                ],
                "tran":[
                    3.485457262988854,
                    -24.64403195789655,
                    -38.939886729620426
                ]
            },
            "D14_j5_D79":{
                "com_b":[
                    40.99102126476848,
                    8.108358482469832,
                    14.714038151237986
                ],
                "rot":[
                    [
                        0.29759750803991175,
                        0.5764564972598064,
                        0.7610082982303079
                    ],
                    [
                        -0.9541470359916132,
                        0.2065068051625672,
                        0.2166988074031983
                    ],
                    [
                        -0.03223595689371794,
                        -0.7906028371998826,
                        0.6114801688482155
                    ]
                ],
                "tran":[
                    -3.9879384680242422,
                    -13.67101143368225,
                    -41.948921481730736
                ]
            },
            "D14_j2_D14":{
                "com_b":[
                    34.98303016129438,
                    1.0260614392510181,
                    8.84584086373823
                ],
                "rot":[
                    [
                        0.7475704591647898,
                        -0.6336157367084113,
                        -0.19917205320928555
                    ],
                    [
                        0.3452653094741398,
                        0.1145550186872239,
                        0.9314875274351753
                    ],
                    [
                        -0.5673889976531726,
                        -0.7651197591808923,
                        0.30440348134195394
                    ]
                ],
                "tran":[
                    -21.48751055994113,
                    28.816385572009352,
                    3.319173757344032
                ]
            },
            "D14_j4_D79":{
                "com_b":[
                    43.631839037290575,
                    6.519529018432212,
                    5.64092282327722
                ],
                "rot":[
                    [
                        0.8944970988251268,
                        -0.05800915364877505,
                        0.44329434723035266
                    ],
                    [
                        -0.39794655396567524,
                        0.3485756311923119,
                        0.84860684037175
                    ],
                    [
                        -0.2037485714803304,
                        -0.9354838146284703,
                        0.2887153480296652
                    ]
                ],
                "tran":[
                    -35.28479936182354,
                    5.535489112760388,
                    -26.502885521670212
                ]
            },
            "D14_j1_D76":{
                "com_b":[
                    37.809621499416195,
                    4.201278690063077,
                    16.596676141841936
                ],
                "rot":[
                    [
                        0.38178549801387757,
                        0.8039884079336549,
                        0.4558974373854306
                    ],
                    [
                        -0.9240511718694696,
                        0.3422916807364441,
                        0.17019352827084722
                    ],
                    [
                        -0.019216276251006734,
                        -0.48624998221792,
                        0.8736084303165339
                    ]
                ],
                "tran":[
                    -10.234042363377721,
                    -23.766426659106422,
                    -32.4513361863543
                ]
            },
            "D14_j2_D71":{
                "com_b":[
                    36.0750375899812,
                    19.969994534110693,
                    9.559253526432416
                ],
                "rot":[
                    [
                        0.04815519963826603,
                        0.8179734916224578,
                        0.5732368129758973
                    ],
                    [
                        -0.9916000457139257,
                        0.10812284951712028,
                        -0.07098449656395522
                    ],
                    [
                        -0.12004343417254687,
                        -0.5650033773485467,
                        0.8163092290895639
                    ]
                ],
                "tran":[
                    19.212572477266477,
                    -26.266626644392375,
                    -27.065286444511475
                ]
            },
            "D14_j1_D14":{
                "com_b":[
                    38.9528111171604,
                    4.499130881686055,
                    14.846663655594432
                ],
                "rot":[
                    [
                        0.36936597053633247,
                        0.5144323350585588,
                        0.7739044853571737
                    ],
                    [
                        -0.9158188120481598,
                        0.3427666246226422,
                        0.20925330234789052
                    ],
                    [
                        -0.15762196328066175,
                        -0.7860473355282104,
                        0.5977331369436953
                    ]
                ],
                "tran":[
                    -7.927293910531042,
                    -9.910557078183338,
                    -39.96155607553581
                ]
            }
        },
        "D81":{
            "D81":{
                "com_b":[
                    -2.355743029249423,
                    -15.12017247407429,
                    -7.435529966997021
                ],
                "rot":[
                    [
                        -0.39540968873011595,
                        -0.6767073506734744,
                        -0.6210622670898949
                    ],
                    [
                        0.8617825075648168,
                        -0.03939269931870448,
                        -0.5057461071483225
                    ],
                    [
                        0.31777678913609936,
                        -0.7351975086906056,
                        0.5987508125267785
                    ]
                ],
                "tran":[
                    14.461655370034162,
                    -7.656356139639595,
                    -4.658001865294466
                ]
            }
        },
        "D14_j1_D79":{
            "D79_j1_D54":{
                "com_b":[
                    -1.071520693063929,
                    39.40978205251774,
                    11.332226584725984
                ],
                "rot":[
                    [
                        0.2653337247345476,
                        -0.9330902481609027,
                        0.24277685908157956
                    ],
                    [
                        0.3095320759103021,
                        0.32091120948105245,
                        0.8951010499446792
                    ],
                    [
                        -0.913119876303846,
                        -0.16235327042112158,
                        0.3739699280455787
                    ]
                ],
                "tran":[
                    -1.5665997359754265,
                    -11.80704228607527,
                    -39.253508825482825
                ]
            },
            "D79":{
                "com_b":[
                    -5.875495463008395,
                    33.099244164104384,
                    3.2252495495103872
                ],
                "rot":[
                    [
                        0.8268186856662455,
                        -0.47320355265566916,
                        -0.3040546970319574
                    ],
                    [
                        0.4514016661275561,
                        0.23573848350932955,
                        0.8606183260946679
                    ],
                    [
                        -0.33557025620636993,
                        -0.8488261100760126,
                        0.40851785518238526
                    ]
                ],
                "tran":[
                    -9.000786709218238,
                    -7.845394922123516,
                    -31.589860128821826
                ]
            },
            "D79_j2_D14":{
                "com_b":[
                    2.324219288999131,
                    39.396848402870006,
                    8.724744262221453
                ],
                "rot":[
                    [
                        0.3266735721522871,
                        -0.9373349773806501,
                        0.12119206837116264
                    ],
                    [
                        0.6338624717677849,
                        0.3123918390559829,
                        0.7075519103045761
                    ],
                    [
                        -0.7010725669584413,
                        -0.15431940600597457,
                        0.6961916236125398
                    ]
                ],
                "tran":[
                    -19.614765870134963,
                    -8.782284538800608,
                    -34.23108616393256
                ]
            }
        },
        "D53_j1_D79":{
            "D79_j2_D14":{
                "com_b":[
                    -6.647087828578486,
                    39.365642660042575,
                    9.062093872934982
                ],
                "rot":[
                    [
                        -0.2739444928006492,
                        -0.9537511340552701,
                        0.12374647127285021
                    ],
                    [
                        0.8199673890195922,
                        -0.16437756801326417,
                        0.5483005526884299
                    ],
                    [
                        -0.5026011299316667,
                        0.2516719877585347,
                        0.8270751566629723
                    ]
                ],
                "tran":[
                    -29.54485771275075,
                    -2.1495141291907007,
                    -28.256682674061544
                ]
            },
            "D79":{
                "com_b":[
                    -13.698733879796848,
                    31.065165325629998,
                    3.8403198329427646
                ],
                "rot":[
                    [
                        0.36260758822051986,
                        -0.8325769110718464,
                        -0.41872595347668773
                    ],
                    [
                        0.8374097674331051,
                        0.09391245314192787,
                        0.5384471492658301
                    ],
                    [
                        -0.4089750828259973,
                        -0.5458902254986147,
                        0.7312614056085147
                    ]
                ],
                "tran":[
                    -19.476412895022833,
                    -12.226262362634044,
                    -25.271242795322504
                ]
            },
            "D79_j1_D54":{
                "com_b":[
                    -8.1221122757145,
                    37.59043107206823,
                    12.010667609933556
                ],
                "rot":[
                    [
                        -0.28640628144024094,
                        -0.9576538615575938,
                        0.02950463345649873
                    ],
                    [
                        0.532906740505609,
                        -0.13363397291953688,
                        0.8355551251745317
                    ],
                    [
                        -0.7962297707793025,
                        0.2550314543846888,
                        0.5486138071532375
                    ]
                ],
                "tran":[
                    -12.795166953180383,
                    -5.817911565616283,
                    -37.758455478136845
                ]
            }
        },
        "D14_j2_D14":{
            "D14_j2_D54":{
                "com_b":[
                    -0.43135754839570223,
                    -4.05787526922805,
                    -45.00255825269435
                ],
                "rot":[
                    [
                        -0.7673051500625383,
                        -0.0006398343362527745,
                        -0.641281839209195
                    ],
                    [
                        0.4120737706392634,
                        0.76572800335734,
                        -0.49381761048541095
                    ],
                    [
                        0.49136342379001463,
                        -0.6431642212424473,
                        -0.5872833815756675
                    ]
                ],
                "tran":[
                    23.45377219692572,
                    -25.837082602103557,
                    -28.709726621288297
                ]
            },
            "D14_j1_D18":{
                "com_b":[
                    1.5787111205268642,
                    -4.81553927192126,
                    -45.60661244774441
                ],
                "rot":[
                    [
                        -0.4742504778914292,
                        -0.6078528642351239,
                        -0.6368684162846413
                    ],
                    [
                        0.24205002317613863,
                        0.6054913917401608,
                        -0.7581503550147518
                    ],
                    [
                        0.8464622085481325,
                        -0.5137071831011505,
                        -0.14002378201612364
                    ]
                ],
                "tran":[
                    40.518579792653,
                    -19.553052759169546,
                    -9.031481917370476
                ]
            },
            "D14_j2_D79":{
                "com_b":[
                    7.217984500675592,
                    -7.886668269666361,
                    -43.76513284666252
                ],
                "rot":[
                    [
                        -0.6830926070707644,
                        0.7191482886107249,
                        -0.12731939818240845
                    ],
                    [
                        0.7140429843504441,
                        0.6210173304606132,
                        -0.32323380356559783
                    ],
                    [
                        -0.15338548388024442,
                        -0.311710144614893,
                        -0.9377151374905839
                    ]
                ],
                "tran":[
                    3.8490359194488875,
                    -13.93507941454615,
                    -42.669475904150204
                ]
            },
            "D14_j3_D54":{
                "com_b":[
                    9.476889117695482,
                    -5.302882019158715,
                    -42.94278360798849
                ],
                "rot":[
                    [
                        -0.32608360990853574,
                        0.8379376778948036,
                        0.43764132267563827
                    ],
                    [
                        0.6926930093646653,
                        0.5268259512173264,
                        -0.4925756915452517
                    ],
                    [
                        -0.6433085372714573,
                        0.14253022517425118,
                        -0.7522228797274352
                    ]
                ],
                "tran":[
                    -20.861931790861888,
                    0.9732980202439894,
                    -39.06209341520178
                ]
            },
            "D14_j1_D81":{
                "com_b":[
                    5.679943819110845,
                    -6.491293824237516,
                    -47.720686778668885
                ],
                "rot":[
                    [
                        -0.7899113540203276,
                        0.4302304628769892,
                        -0.43696887944386187
                    ],
                    [
                        0.6106285871886673,
                        0.6173059412676308,
                        -0.4960505048718897
                    ],
                    [
                        0.05632744710835769,
                        -0.658661615466042,
                        -0.7503279916236094
                    ]
                ],
                "tran":[
                    11.138406150333898,
                    -29.86835525898269,
                    -36.54421796238179
                ]
            },
            "D14_j1_D54":{
                "com_b":[
                    0.6631738245464969,
                    -5.86204618897563,
                    -44.60651770199151
                ],
                "rot":[
                    [
                        -0.6393592592806149,
                        0.7547663782511752,
                        -0.14679050321375842
                    ],
                    [
                        0.7601472547759242,
                        0.5917127573606163,
                        -0.26842534126517037
                    ],
                    [
                        -0.1157406092465828,
                        -0.28320262540856056,
                        -0.9520506206777711
                    ]
                ],
                "tran":[
                    -0.28276089204114174,
                    -9.664576714987307,
                    -43.943836993819616
                ]
            },
            "D14_j1_D79":{
                "com_b":[
                    3.7890347017117514,
                    0.028899101628489368,
                    -48.40058681708038
                ],
                "rot":[
                    [
                        -0.7725770640900896,
                        0.11230685102283372,
                        -0.624909474448318
                    ],
                    [
                        0.5074491952735352,
                        0.7007653637883591,
                        -0.5014211993232949
                    ],
                    [
                        0.3816018792644759,
                        -0.704496327973329,
                        -0.5983852685468756
                    ]
                ],
                "tran":[
                    21.382411366619735,
                    -34.543821729618756,
                    -26.579903834053958
                ]
            },
            "D14":{
                "com_b":[
                    4.526213006852844,
                    -2.9359595973952155,
                    -32.06297173826939
                ],
                "rot":[
                    [
                        -0.6918356658116572,
                        0.09217253626523796,
                        -0.7161477746033811
                    ],
                    [
                        0.553966282893158,
                        0.7039070864467971,
                        -0.44456289888779377
                    ],
                    [
                        0.46312500356650865,
                        -0.7042861898464394,
                        -0.5380485051211523
                    ]
                ],
                "tran":[
                    19.606982114733814,
                    -20.932057967090174,
                    -15.31521535091452
                ]
            },
            "D14_j1_D76":{
                "com_b":[
                    -3.2305114386651526,
                    -0.9958543524391633,
                    -41.58207965091064
                ],
                "rot":[
                    [
                        -0.7569112399864827,
                        0.44413043018668735,
                        -0.47940956995487066
                    ],
                    [
                        0.6531333363911003,
                        0.4889382775155311,
                        -0.5782354240919317
                    ],
                    [
                        -0.022410258292935137,
                        -0.7507912637759805,
                        -0.6601592675717809
                    ]
                ],
                "tran":[
                    -2.7266498883966683,
                    -29.297782384825368,
                    -29.57537160981785
                ]
            },
            "D14_j2_D14":{
                "com_b":[
                    -0.34594837615952995,
                    5.850518620604962,
                    -36.31764651364696
                ],
                "rot":[
                    [
                        0.5122200854822379,
                        0.6657393825093111,
                        0.5426063569519708
                    ],
                    [
                        0.5131465618377826,
                        0.26938794976970226,
                        -0.814929897962358
                    ],
                    [
                        -0.6887025410891346,
                        0.6958600484975389,
                        -0.20363595655573963
                    ]
                ],
                "tran":[
                    -27.83702724864812,
                    23.92625150633318,
                    -2.4401023570618765
                ]
            },
            "D14_j4_D79":{
                "com_b":[
                    4.841081161925548,
                    7.972833920870403,
                    -45.63296610158729
                ],
                "rot":[
                    [
                        -0.29325370374056686,
                        0.8664173283688699,
                        0.40413274841887
                    ],
                    [
                        0.696602582538326,
                        0.4831651637173256,
                        -0.5303737046375361
                    ],
                    [
                        -0.6547878337624905,
                        0.12598586298533354,
                        -0.7452385222762345
                    ]
                ],
                "tran":[
                    -34.01414274039962,
                    -2.297483598511878,
                    -31.73530219684439
                ]
            },
            "D14_j5_D79":{
                "com_b":[
                    0.4047885145872618,
                    -0.7228120108110031,
                    -45.37592449361644
                ],
                "rot":[
                    [
                        -0.7533776001108905,
                        0.562611222713121,
                        -0.34042738392850025
                    ],
                    [
                        0.6537535437590101,
                        0.6966327731039728,
                        -0.2954811050811992
                    ],
                    [
                        0.07091188668828412,
                        -0.44516445446005354,
                        -0.8926366073669578
                    ]
                ],
                "tran":[
                    3.995191929278927,
                    -19.92395269842938,
                    -40.579987492776155
                ]
            },
            "D14_j1_D14":{
                "com_b":[
