{
    "single_data":{
        "D14_j1_D76":{
            "link_count":1,
            "radii":{
                "average_all":16.243729092162884,
                "max_ca_dist":29.64265644841778,
                "max_heavy_dist":32.28900717546518
            }
        },
        "D53_j1_D79":{
            "link_count":3,
            "radii":{
                "average_all":18.320105861537982,
                "max_ca_dist":38.1201397350899,
                "max_heavy_dist":41.36851023506236
            }
        },
        "D14_j1_D14":{
            "link_count":14,
            "radii":{
                "average_all":15.64785373044114,
                "max_ca_dist":28.244777389162042,
                "max_heavy_dist":30.62743441981568
            }
        },
        "D79_j2_D14":{
            "link_count":14,
            "radii":{
                "average_all":16.5372674641998,
                "max_ca_dist":28.209747763059536,
                "max_heavy_dist":33.80295345048907
            }
        },
        "D79_j1_D54":{
            "link_count":2,
            "radii":{
                "average_all":16.107035852752393,
                "max_ca_dist":27.287533898421458,
                "max_heavy_dist":28.837715404445266
            }
        },
        "D14_j1_D79":{
            "link_count":3,
            "radii":{
                "average_all":17.54489645355441,
                "max_ca_dist":32.36309445882255,
                "max_heavy_dist":34.33693348339746
            }
        },
        "D4_j1_D64":{
            "link_count":1,
            "radii":{
                "average_all":16.66689885851519,
                "max_ca_dist":30.122225907017654,
                "max_heavy_dist":30.89191315741532
            }
        },
        "D76":{
            "link_count":1,
            "radii":{
                "average_all":13.573317595198048,
                "max_ca_dist":24.17313827763626,
                "max_heavy_dist":25.413012930497402
            }
        },
        "D54_j1_D79":{
            "link_count":3,
            "radii":{
                "average_all":16.971098881738527,
                "max_ca_dist":31.605578805181693,
                "max_heavy_dist":35.51329323682055
            }
        },
        "D8":{
            "link_count":1,
            "radii":{
                "average_all":11.861376014850359,
                "max_ca_dist":22.55899173545835,
                "max_heavy_dist":23.72511365008519
            }
        },
        "D4":{
            "link_count":2,
            "radii":{
                "average_all":12.477869892697663,
                "max_ca_dist":20.088179391139455,
                "max_heavy_dist":21.468423207924765
            }
        },
        "D54":{
            "link_count":2,
            "radii":{
                "average_all":11.535519403832078,
                "max_ca_dist":17.265168983014338,
                "max_heavy_dist":20.90898232677968
            }
        },
        "D14_j5_D79":{
            "link_count":3,
            "radii":{
                "average_all":17.114856679230986,
                "max_ca_dist":30.355803678587915,
                "max_heavy_dist":34.25724875132603
            }
        },
        "D18":{
            "link_count":2,
            "radii":{
                "average_all":14.3387030036856,
                "max_ca_dist":23.486006954024088,
                "max_heavy_dist":24.86320528689154
            }
        },
        "D14_j1_D81":{
            "link_count":1,
            "radii":{
                "average_all":17.477175135200522,
                "max_ca_dist":30.921588544477643,
                "max_heavy_dist":33.73755215772879
            }
        },
        "D71":{
            "link_count":1,
            "radii":{
                "average_all":12.877681949057926,
                "max_ca_dist":24.0722806105464,
                "max_heavy_dist":24.45972754215436
            }
        },
        "D14_j2_D54":{
            "link_count":2,
            "radii":{
                "average_all":16.348636509072264,
                "max_ca_dist":26.57867037837161,
                "max_heavy_dist":28.32406551081608
            }
        },
        "D14_j4_D79":{
            "link_count":3,
            "radii":{
                "average_all":18.57516243505786,
                "max_ca_dist":33.6422034829555,
                "max_heavy_dist":37.548556346933076
            }
        },
        "D14":{
            "link_count":14,
            "radii":{
                "average_all":11.338948152528275,
                "max_ca_dist":17.128961853464272,
                "max_heavy_dist":21.856433184897906
            }
        },
        "D14_j2_D71":{
            "link_count":1,
            "radii":{
                "average_all":16.79310069290045,
                "max_ca_dist":31.843772557988714,
                "max_heavy_dist":33.319991881177174
            }
        },
        "D53":{
            "link_count":3,
            "radii":{
                "average_all":12.050348930672659,
                "max_ca_dist":22.462062619944074,
                "max_heavy_dist":25.8871430929623
            }
        },
        "D14_j2_D79":{
            "link_count":3,
            "radii":{
                "average_all":16.888294638628636,
                "max_ca_dist":26.64516730691744,
                "max_heavy_dist":29.79912496570221
            }
        },
        "D64":{
            "link_count":1,
            "radii":{
                "average_all":13.929230944232065,
                "max_ca_dist":26.24881819601367,
                "max_heavy_dist":26.60950367082612
            }
        },
        "D49_j1_D81":{
            "link_count":1,
            "radii":{
                "average_all":16.718470737154583,
                "max_ca_dist":28.61404177718601,
                "max_heavy_dist":30.724761275574025
            }
        },
        "D14_j1_D54":{
            "link_count":2,
            "radii":{
                "average_all":16.221517384127093,
                "max_ca_dist":27.001689825101117,
                "max_heavy_dist":30.39056401851339
            }
        },
        "D49_j1_D79":{
            "link_count":3,
            "radii":{
                "average_all":17.660519217072967,
                "max_ca_dist":33.08756635375352,
                "max_heavy_dist":36.064884785219064
            }
        },
        "D49":{
            "link_count":4,
            "radii":{
                "average_all":11.245411302630757,
                "max_ca_dist":17.192813793194617,
                "max_heavy_dist":19.956494935001984
            }
        },
        "D14_j1_D18":{
            "link_count":2,
            "radii":{
                "average_all":16.865092074713203,
                "max_ca_dist":28.720665721080003,
                "max_heavy_dist":30.386263582997927
            }
        },
        "D79":{
            "link_count":3,
            "radii":{
                "average_all":13.691072517214234,
                "max_ca_dist":24.921651399908548,
                "max_heavy_dist":26.119281062772327
            }
        },
        "D81":{
            "link_count":1,
            "radii":{
                "average_all":13.687380497259484,
                "max_ca_dist":23.63033066465321,
                "max_heavy_dist":26.990331246669804
            }
        },
        "D14_j3_D54":{
            "link_count":2,
            "radii":{
                "average_all":15.581283314691445,
                "max_ca_dist":26.459290129781678,
                "max_heavy_dist":29.262196262708795
            }
        },
        "D18_j1_D14":{
            "link_count":14,
            "radii":{
                "average_all":17.242100704959846,
                "max_ca_dist":31.56379154932136,
                "max_heavy_dist":35.93968741177851
            }
        },
        "D53_j1_D4":{
            "link_count":2,
            "radii":{
                "average_all":17.30344508918582,
                "max_ca_dist":35.05841637394248,
                "max_heavy_dist":38.64453849695534
            }
        },
        "D49_j1_D14":{
            "link_count":14,
            "radii":{
                "average_all":15.258467663978236,
                "max_ca_dist":25.719901334087773,
                "max_heavy_dist":31.524492964502137
            }
        },
        "D14_j2_D14":{
            "link_count":14,
            "radii":{
                "average_all":15.723894639141946,
                "max_ca_dist":27.76163287168175,
                "max_heavy_dist":33.44492990772661
            }
        }
    },
    "double_data":{
        "D14_j1_D76":{
            "D76":{
                "com_b":[
                    26.870529401723104,
                    4.840347368489036,
                    14.226228166990463
                ],
                "rot":[
                    [
                        0.08007562169194861,
                        0.7515628874037137,
                        -0.6547832626816605
                    ],
                    [
                        0.9046721842025705,
                        0.2210099358846885,
                        0.36431147027014693
                    ],
                    [
                        0.41851658741416486,
                        -0.621536671900893,
                        -0.6622205308970442
                    ]
                ],
                "tran":[
                    3.525596303502411,
                    -30.56156348602049,
                    1.1835914964406928
                ]
            }
        },
        "D53_j1_D79":{
            "D79_j1_D54":{
                "com_b":[
                    -8.122112275714503,
                    37.59043107206823,
                    12.010667609933552
                ],
                "rot":[
                    [
                        -0.28640628144024105,
                        0.5329067405056097,
                        -0.7962297707793021
                    ],
                    [
                        -0.9576538615575936,
                        -0.13363397291953677,
                        0.2550314543846892
                    ],
                    [
                        0.029504633456499063,
                        0.8355551251745316,
                        0.5486138071532377
                    ]
                ],
                "tran":[
                    -12.795166953180404,
                    -5.817911565616285,
                    -37.758455478136824
                ]
            },
            "D79":{
                "com_b":[
                    -13.69873387979685,
                    31.065165325629987,
                    3.840319832942761
                ],
                "rot":[
                    [
                        0.36260758822051997,
                        0.8374097674331051,
                        -0.4089750828259972
                    ],
                    [
                        -0.8325769110718465,
                        0.09391245314192775,
                        -0.5458902254986154
                    ],
                    [
                        -0.4187259534766881,
                        0.5384471492658301,
                        0.7312614056085149
                    ]
                ],
                "tran":[
                    -19.47641289502282,
                    -12.226262362634039,
                    -25.271242795322504
                ]
            },
            "D79_j2_D14":{
                "com_b":[
                    -6.647087828578498,
                    39.36564266004259,
                    9.062093872935
                ],
                "rot":[
                    [
                        -0.2739444928006495,
                        0.8199673890195922,
                        -0.5026011299316673
                    ],
                    [
                        -0.9537511340552701,
                        -0.16437756801326445,
                        0.25167198775853444
                    ],
                    [
                        0.12374647127284963,
                        0.5483005526884306,
                        0.8270751566629722
                    ]
                ],
                "tran":[
                    -29.544857712750748,
                    -2.1495141291907043,
                    -28.25668267406159
                ]
            }
        },
        "D14_j1_D14":{
            "D14_j1_D76":{
                "com_b":[
                    37.8096214994162,
                    4.201278690063074,
                    16.596676141841918
                ],
                "rot":[
                    [
                        0.38178549801387773,
                        -0.9240511718694697,
                        -0.019216276251006956
                    ],
                    [
                        0.8039884079336547,
                        0.34229168073644445,
                        -0.48624998221792004
                    ],
                    [
                        0.455897437385431,
                        0.17019352827084724,
                        0.8736084303165336
                    ]
                ],
                "tran":[
                    -10.234042363377728,
                    -23.766426659106422,
                    -32.4513361863543
                ]
            },
            "D14_j2_D54":{
                "com_b":[
                    38.72813027003512,
                    10.445867684285993,
                    18.685545192363772
                ],
                "rot":[
                    [
                        -0.14717572154639752,
                        -0.9846650238868002,
                        0.09367015384477789
                    ],
                    [
                        0.8979732859883542,
                        -0.17272026384786932,
                        -0.4047365663090005
                    ],
                    [
                        0.4147086744192533,
                        0.02454589966429105,
                        0.9096231165549258
                    ]
                ],
                "tran":[
                    14.23524317665884,
                    -25.40988997544971,
                    -33.31409863951323
                ]
            },
            "D14_j1_D14":{
                "com_b":[
                    38.9528111171604,
                    4.4991308816860585,
                    14.846663655594437
                ],
                "rot":[
                    [
                        0.3693659705363328,
                        -0.91581881204816,
                        -0.1576219632806613
                    ],
                    [
                        0.5144323350585589,
                        0.3427666246226422,
                        -0.7860473355282106
                    ],
                    [
                        0.7739044853571734,
                        0.20925330234789086,
                        0.5977331369436956
                    ]
                ],
                "tran":[
                    -7.927293910531062,
                    -9.910557078183338,
                    -39.9615560755358
                ]
            },
            "D14":{
                "com_b":[
                    27.11406649394689,
                    8.039982724457067,
                    11.345438222953959
                ],
                "rot":[
                    [
                        -0.10804301170325625,
                        -0.9922210117121981,
                        -0.061839886310639025
                    ],
                    [
                        0.8928402375971138,
                        -0.06948814788628793,
                        -0.44498056972283984
                    ],
                    [
                        0.4372219319174418,
                        -0.10329017968885562,
                        0.893402552621283
                    ]
                ],
                "tran":[
                    11.608525806389618,
                    -18.601346497913873,
                    -21.16045674331111
                ]
            },
            "D14_j2_D71":{
                "com_b":[
                    36.07503758998119,
                    19.969994534110736,
                    9.559253526432471
                ],
                "rot":[
                    [
                        0.04815519963826537,
                        -0.9916000457139258,
                        -0.1200434341725464
                    ],
                    [
                        0.8179734916224581,
                        0.10812284951711895,
                        -0.5650033773485462
                    ],
                    [
                        0.5732368129758967,
                        -0.0709844965639555,
                        0.8163092290895644
                    ]
                ],
                "tran":[
                    19.212572477266555,
                    -26.266626644392332,
                    -27.06528644451149
                ]
            },
            "D14_j2_D79":{
                "com_b":[
                    35.94657671440253,
                    16.709870247100415,
                    15.429699879016024
                ],
                "rot":[
                    [
                        0.4915171827556588,
                        -0.8667976790202422,
                        -0.08409900535120043
                    ],
                    [
                        0.39958693586051963,
                        0.3102761908540838,
                        -0.8625885265169497
                    ],
                    [
                        0.7737836517693696,
                        0.39037221857376203,
                        0.4988671077754653
                    ]
                ],
                "tran":[
                    -1.88666095676448,
                    -6.238975250680335,
                    -42.03531227160666
                ]
            },
            "D14_j1_D81":{
                "com_b":[
                    39.917714298075026,
                    16.275255110408306,
                    16.657840745366837
                ],
                "rot":[
                    [
                        0.29376500339980505,
                        -0.9556575641563185,
                        0.02051201716856456
                    ],
                    [
                        0.7731326095695293,
                        0.22492917267918103,
                        -0.5930200968753658
                    ],
                    [
                        0.5621103902239504,
                        0.1900670601358121,
                        0.8049263456078498
                    ]
                ],
                "tran":[
                    3.4854572629888327,
                    -24.64403195789655,
                    -38.939886729620454
                ]
            },
            "D14_j1_D18":{
                "com_b":[
                    39.09588988067218,
                    11.672103610156691,
                    17.655825565546092
                ],
                "rot":[
                    [
                        -0.6114509738856824,
                        -0.7883414855109269,
                        -0.06815723554161482
                    ],
                    [
                        0.7884154904766932,
                        -0.614296921798598,
                        0.03225377877337615
                    ],
                    [
                        -0.06729577186305978,
                        -0.03401461584660335,
                        0.9971530900509523
                    ]
                ],
                "tran":[
                    34.310195703285366,
                    -24.223134969111825,
                    -14.577550813470642
                ]
            },
            "D14_j1_D79":{
                "com_b":[
                    43.698610127819734,
                    10.530963863802622,
                    12.51561421931695
                ],
                "rot":[
                    [
                        -0.07524580489563926,
                        -0.9966226825095656,
                        0.032883089165174684
                    ],
                    [
                        0.8811441580146824,
                        -0.08189270668275911,
                        -0.46570221965196607
                    ],
                    [
                        0.46682228057602776,
                        -0.006067396444028261,
                        0.8843303370676525
                    ]
                ],
                "tran":[
                    13.371982488912055,
                    -31.81381657046086,
                    -31.40352664634935
                ]
            },
            "D14_j3_D54":{
                "com_b":[
                    35.54519679392014,
                    16.595484028365433,
                    12.188977750747371
                ],
                "rot":[
                    [
                        0.8987028563658781,
                        -0.39557498189246254,
                        -0.18935049421797062
                    ],
                    [
                        -0.0595758581052554,
                        0.31763592844440924,
                        -0.9463393334804799
                    ],
                    [
                        0.43449268473799907,
                        0.8617585802659791,
                        0.2618935971862044
                    ]
                ],
                "tran":[
                    -23.071822633650108,
                    8.381222703634423,
                    -32.93764396880765
                ]
            },
            "D14_j5_D79":{
                "com_b":[
                    40.99102126476848,
                    8.108358482469832,
                    14.714038151237993
                ],
                "rot":[
                    [
                        0.297597508039912,
                        -0.9541470359916134,
                        -0.03223595689371793
                    ],
                    [
                        0.5764564972598065,
                        0.20650680516256728,
                        -0.7906028371998822
                    ],
                    [
                        0.7610082982303078,
                        0.2166988074031985,
                        0.6114801688482159
                    ]
                ],
                "tran":[
                    -3.9879384680242493,
                    -13.67101143368225,
                    -41.94892148173074
                ]
            },
            "D14_j4_D79":{
                "com_b":[
                    43.63183903729056,
                    6.519529018432174,
                    5.6409228232771635
                ],
                "rot":[
                    [
                        0.8944970988251267,
                        -0.39794655396567513,
                        -0.20374857148033143
                    ],
                    [
                        -0.058009153648775846,
                        0.3485756311923126,
                        -0.9354838146284699
                    ],
                    [
                        0.4432943472303533,
                        0.8486068403717497,
                        0.28871534802966536
                    ]
                ],
                "tran":[
                    -35.28479936182354,
                    5.535489112760377,
                    -26.502885521670184
                ]
            },
            "D14_j1_D54":{
                "com_b":[
                    38.12934868752552,
                    10.956405331922861,
                    18.470090805467997
                ],
                "rot":[
                    [
                        0.47904312826496226,
                        -0.8663525149177927,
                        -0.1412480129337569
                    ],
                    [
                        0.36876942836363596,
                        0.34465265783777477,
                        -0.863263374729702
                    ],
                    [
                        0.7965718988054218,
                        0.3614524385600035,
                        0.48458780906307464
                    ]
                ],
                "tran":[
                    -6.164629535229271,
                    -1.8925394170793943,
                    -43.28336794592933
                ]
            },
            "D14_j2_D14":{
                "com_b":[
                    34.98303016129437,
                    1.0260614392510288,
                    8.845840863738243
                ],
                "rot":[
                    [
                        0.7475704591647898,
                        0.34526530947413936,
                        -0.5673889976531725
                    ],
                    [
                        -0.6336157367084113,
                        0.11455501868722451,
                        -0.7651197591808923
                    ],
                    [
                        -0.19917205320928494,
                        0.9314875274351752,
                        0.30440348134195416
                    ]
                ],
                "tran":[
                    -21.487510559941118,
                    28.81638557200936,
                    3.319173757344002
                ]
            }
        },
        "D79_j2_D14":{
            "D14_j1_D76":{
                "com_b":[
                    -9.498691270471898,
                    -21.7648585240918,
                    35.49966636810552
                ],
                "rot":[
                    [
                        -0.9849705857174503,
                        -0.04346106827182508,
                        -0.16716483127767748
                    ],
                    [
                        -0.0017167143352387337,
                        -0.9653138753317654,
                        0.26108652777165664
                    ],
                    [
                        -0.1727136305081734,
                        0.25744952444438635,
                        0.9507311629477839
                    ]
                ],
                "tran":[
                    -4.367559767629922,
                    -30.294711096509623,
                    -29.787840068179992
                ]
            },
            "D14_j2_D54":{
                "com_b":[
                    -5.3009713754457115,
                    -22.20036260941758,
                    39.408691796643616
                ],
                "rot":[
                    [
                        -0.7933555706109814,
                        0.3928319303756549,
                        -0.46504839861874603
                    ],
                    [
                        -0.4889939593350188,
                        -0.8662467304078997,
                        0.10247687442289616
                    ],
                    [
                        -0.36259046638650855,
                        0.30870645690519705,
                        0.8793341100802665
                    ]
                ],
                "tran":[
                    22.842405140226646,
                    -25.861614065893846,
                    -29.722093330589612
                ]
            },
            "D14_j1_D14":{
                "com_b":[
                    -10.142668052987377,
                    -24.094933079366385,
                    34.482948699419964
                ],
                "rot":[
                    [
                        -0.9486379176487842,
                        -0.11508335335844608,
                        -0.2946895365953021
                    ],
                    [
                        0.15969354089438054,
                        -0.9782986254881534,
                        -0.13202186320683618
                    ],
                    [
                        -0.27310084986245226,
                        -0.17230096096007375,
                        0.946429239117559
                    ]
                ],
                "tran":[
                    -2.2328810262379752,
                    -17.399818201112133,
                    -39.557222289108914
                ]
            },
            "D14":{
                "com_b":[
                    0.002407018962093854,
                    -17.334048643961633,
                    27.557649967435225
                ],
                "rot":[
                    [
                        -0.7561200598423967,
                        0.41742768630328875,
                        -0.504020418050116
                    ],
                    [
                        -0.5338614817118229,
                        -0.8388857974658883,
                        0.10612510143448123
                    ],
                    [
                        -0.3785160147845643,
                        0.3493204052406681,
                        0.8571469424982554
                    ]
                ],
                "tran":[
                    21.127150072104698,
                    -17.46456060338263,
                    -17.564907420029083
                ]
            },
            "D14_j2_D71":{
                "com_b":[
                    4.760490469948483,
                    -30.21631287236552,
                    35.373448301940066
                ],
                "rot":[
                    [
                        -0.8621824639075506,
                        0.16672786588882177,
                        -0.4783756031263142
                    ],
                    [
                        -0.22920971912780777,
                        -0.9704939815452249,
                        0.07486211619937813
                    ],
                    [
                        -0.4517790428823115,
                        0.17419314142829118,
                        0.8749585395272661
                    ]
                ],
                "tran":[
                    26.0641074291251,
                    -30.881730300743293,
                    -23.536136374527583
                ]
            },
            "D14_j2_D79":{
                "com_b":[
                    2.7622593515737766,
                    -24.36989470100412,
                    38.608128896433534
                ],
                "rot":[
                    [
                        -0.9774678437795122,
                        -0.1789311805268589,
                        -0.11198324433724413
                    ],
                    [
                        0.20192552876962985,
                        -0.9472004202122853,
                        -0.24907317153955963
                    ],
                    [
                        -0.061503619471830306,
                        -0.26607329175423455,
                        0.9619887256132112
                    ]
                ],
                "tran":[
                    2.6629491957898592,
                    -14.02469607004282,
                    -43.45487387014924
                ]
            },
            "D14_j1_D81":{
                "com_b":[
                    -0.13322462627028436,
                    -26.394518074279972,
                    41.42901868520193
                ],
                "rot":[
                    [
                        -0.9769198784639533,
                        0.057755334397438046,
                        -0.2056498782168703
                    ],
                    [
                        -0.08225241844918205,
                        -0.9902262963610862,
                        0.1126340164171808
                    ],
                    [
                        -0.1971347019710989,
                        0.1269496094662964,
                        0.9721222690254141
                    ]
                ],
                "tran":[
                    9.914147079191114,
                    -30.813820695374453,
                    -36.94956108316885
                ]
            },
            "D14_j1_D18":{
                "com_b":[
                    -4.176721001891052,
                    -24.429185994871897,
                    39.58104578566584
                ],
                "rot":[
                    [
                        -0.39775365675661173,
                        0.5760609088341204,
                        -0.7141049347609568
                    ],
                    [
                        -0.907827524091289,
                        -0.3597781856580257,
                        0.2154271190609463
                    ],
                    [
                        -0.1328202358039756,
                        0.7339710392364445,
                        0.666067037559396
                    ]
                ],
                "tran":[
                    40.67641315307272,
                    -21.10766116332971,
                    -8.988067945963335
                ]
            },
            "D14_j1_D79":{
                "com_b":[
                    -6.381634767627064,
                    -30.29543928230797,
                    38.32441707263431
                ],
                "rot":[
                    [
                        -0.8407893948829317,
                        0.31674385102245434,
                        -0.43902907226271365
                    ],
                    [
                        -0.41623890546600545,
                        -0.8967712045186294,
                        0.1501551874650633
                    ],
                    [
                        -0.3461478976230469,
                        0.3089898697136715,
                        0.88583683225833
                    ]
                ],
                "tran":[
                    21.05581654446609,
                    -35.57897227740791,
                    -26.797185839222905
                ]
            },
            "D14_j3_D54":{
                "com_b":[
                    2.375441915446709,
                    -27.123845026304892,
                    35.672708724732644
                ],
                "rot":[
                    [
                        -0.7523775445177563,
                        -0.6292306849397985,
                        0.19492761640061215
                    ],
                    [
                        0.4226990246017152,
                        -0.6881240514289642,
                        -0.5897548850545856
                    ],
                    [
                        0.5052262514024692,
                        -0.3613226189642445,
                        0.7837042809112557
                    ]
                ],
                "tran":[
                    -22.23352251087988,
                    1.3694871230507886,
                    -38.95744887492351
                ]
            },
            "D14_j5_D79":{
                "com_b":[
                    -7.571446151194333,
                    -26.0907133531863,
                    37.550192796039426
                ],
                "rot":[
                    [
                        -0.9691069397652902,
                        0.013227188026341236,
                        -0.24628597360724827
                    ],
                    [
                        0.021468272878497306,
                        -0.9902471334338893,
                        -0.13765801097494718
                    ],
                    [
                        -0.2457048077640501,
                        -0.13869266823765466,
                        0.959371404211503
                    ]
                ],
                "tran":[
                    2.25565155399479,
                    -20.504623383150747,
                    -41.5035125634013
                ]
            },
            "D14_j4_D79":{
                "com_b":[
                    -9.00426275210127,
                    -34.344662587066416,
                    31.596223133161253
                ],
                "rot":[
                    [
                        -0.7263855409122404,
                        -0.6584807093137007,
                        0.19689388364130928
                    ],
                    [
                        0.4739133547985182,
                        -0.6873614327439022,
                        -0.5504002115914033
                    ],
                    [
                        0.49776518369332,
                        -0.3064921144792704,
                        0.8113522081468566
                    ]
                ],
                "tran":[
                    -35.376967132257704,
                    -1.9493882166351089,
                    -31.68002516275567
                ]
            },
            "D14_j1_D54":{
                "com_b":[
                    -2.8814513520427454,
                    -22.081062099942518,
                    39.311486637732344
                ],
                "rot":[
                    [
                        -0.9852375386362378,
                        -0.12316855704395419,
                        -0.11889701012943232
                    ],
                    [
                        0.150587484028525,
                        -0.9538779716162308,
                        -0.2596925584595446
                    ],
                    [
                        -0.08142728115298248,
                        -0.2737632587127345,
                        0.9583440280311752
                    ]
                ],
                "tran":[
                    -0.884588369665013,
                    -10.419827675769588,
                    -43.95354071798807
                ]
            },
            "D14_j2_D14":{
                "com_b":[
                    -10.78749458332918,
                    -24.8394987872776,
                    26.20475120028176
                ],
                "rot":[
                    [
                        0.024323904601477472,
                        -0.9885407924672234,
                        0.14898137230275416
                    ],
                    [
                        0.523136005691965,
                        -0.11440632693585062,
                        -0.84453532306571
                    ],
                    [
                        0.8519020291169603,
                        0.09847991665979836,
                        0.51435847305268
                    ]
                ],
                "tran":[
                    -28.1964836212004,
                    24.93236902935306,
                    -1.842555519033704
                ]
            }
        },
        "D79_j1_D54":{
            "D54":{
                "com_b":[
                    -15.101305941762542,
                    -19.29325926808253,
                    16.969321653437106
                ],
                "rot":[
                    [
                        -0.30419992642900595,
                        0.5392673545273416,
                        0.7852726438006545
                    ],
                    [
                        -0.05899029632667337,
                        -0.8334213786809305,
                        0.5494806188546315
                    ],
                    [
                        0.9507799691305443,
                        0.1208284978747132,
                        0.2853382631219692
                    ]
                ],
                "tran":[
                    -7.515135349055351,
                    -26.29455861455223,
                    11.847197966659925
                ]
            },
