[{"nodes": [{"trim": [false, true], "ctermNodeId": 1, "tran": [-52.92004011878882, -70.44443420904545, -55.42997637304639], "name": "D14_j1_D14", "cap": [true, false], "rot": [[0.909594720448573, 0.41549565988845755, -0.0008950675639360674], [0.3160788153630277, -0.6905519155730802, 0.6505630133792252], [0.2696880179221802, -0.5920315941841342, -0.7594517525669432]], "id": 0}, {"trim": [true, true], "ctermNodeId": 2, "tran": [-23.036738715056057, -73.3526247483344, -49.42982936120298], "name": "D14", "cap": [false, false], "rot": [[-0.3009552553560244, 0.6655282409651017, -0.6830066579115388], [0.753889634346281, 0.6046534488588138, 0.2569914901477847], [0.5840174256807994, -0.43756870004725146, -0.683708475331507]], "id": 1}, {"trim": [true, true], "ctermNodeId": 3, "tran": [9.389546836221623, -71.21297812670419, -39.63219651740807], "name": "D14_j1_D18", "cap": [false, false], "rot": [[-0.08880133576066146, 0.3325432122019657, -0.9388979362984686], [0.6872395471486725, 0.7027653754228924, 0.18390930357546814], [0.7209827512513851, -0.6289164007442652, -0.29094335062493837]], "id": 2}, {"trim": [true, true], "ctermNodeId": 4, "tran": [29.777792824772764, -78.06820902027678, -23.173794610206798], "name": "D18", "cap": [false, false], "rot": [[-0.7456268431877265, -0.1042558891732608, -0.6581575193603751], [-0.033288605150228634, -0.9806242430263206, 0.19304912006069783], [-0.665531726880893, 0.16585175175966682, 0.7277092255517928]], "id": 3}, {"trim": [true, true], "ctermNodeId": 5, "tran": [42.063849683841156, -86.42625993266196, -0.6281346956573683], "name": "D18_j1_D14", "cap": [false, false], "rot": [[-0.3837419886431183, -0.2346893980406524, -0.8931197974513507], [0.9073206301749444, -0.2757473283899538, -0.31738412837561514], [-0.1717887080432567, -0.9321396340318975, 0.3187543606850102]], "id": 4}, {"trim": [true, true], "ctermNodeId": 6, "tran": [38.78830177745654, -91.64499947758436, 32.808060666440255], "name": "D14", "cap": [false, false], "rot": [[-0.5361943320915469, 0.3726907624326361, -0.7573620229654258], [-0.8151171394975767, 0.0044613807592618175, 0.5792789871719956], [0.21927080774739008, 0.9279448753450298, 0.3013944611148423]], "id": 5}, {"trim": [true, true], "ctermNodeId": 7, "tran": [24.059113574109592, -81.7915284513369, 58.247442313824855], "name": "D14_j1_D14", "cap": [false, false], "rot": [[-0.3000694162434757, 0.8678570150588457, -0.39595775891937146], [-0.8959463811621506, -0.11391135575204503, 0.42930674943818736], [0.3274727889729943, 0.48357874689018576, 0.8117346660321755]], "id": 6}, {"trim": [true, true], "ctermNodeId": 8, "tran": [-5.531600990377196, -48.09480130209417, 61.24962452755298], "name": "D14_j1_D18", "cap": [false, false], "rot": [[0.8615764571679194, 0.3887774490257647, -0.32640175180749115], [-0.5017055402360068, 0.5542264152568817, -0.6641721399818009], [-0.07731467745827603, 0.7359926465397106, 0.6725602314209465]], "id": 7}, {"trim": [true, true], "ctermNodeId": 9, "tran": [-39.78961302626468, -41.620879183066165, 68.28305640316557], "name": "D18_j1_D14", "cap": [false, false], "rot": [[0.8979849397876751, -0.3028230030813308, 0.3192511185874422], [-0.1037227511187964, 0.5594113966491372, 0.8223749024620163], [-0.4276267517530654, -0.771593881587891, 0.4709333743548626]], "id": 8}, {"trim": [true, true], "ctermNodeId": 10, "tran": [-69.99589875246447, -52.53468539589922, 57.129009900078806], "name": "D14", "cap": [false, false], "rot": [[0.9622269800846578, -0.052580554792881776, -0.2671226760401236], [-0.22579547326929522, -0.7023066552103869, -0.6751161131970529], [-0.15210405335907143, 0.7099300298655314, -0.6876508631906674]], "id": 9}, {"trim": [true, true], "ctermNodeId": 11, "tran": [-81.74915912364519, -59.8518416976287, 44.54296185368718], "name": "D14", "cap": [false, false], "rot": [[0.9062764556616, 0.4167306501137486, -0.07070043259574056], [0.16092042137185833, -0.4948363612541638, -0.8539564354030267], [-0.39085496529909397, 0.762543468161989, -0.5155190154247783]], "id": 10}, {"trim": [true, true], "ctermNodeId": 12, "tran": [-91.57606769515303, -70.17391228731924, 13.352255585184498], "name": "D14_j5_D79", "cap": [false, false], "rot": [[0.3351726119400305, 0.2707382955371934, -0.9024190243644662], [0.339528824244747, -0.9281739989054437, -0.15235880434966398], [-0.8788512375324288, -0.2553307719126223, -0.4030219587097295]], "id": 11}, {"trim": [true, true], "ctermNodeId": 13, "tran": [-103.5181344580297, -73.86074222761098, -24.32350720223195], "name": "D79_j2_D14", "cap": [false, false], "rot": [[-0.8793062511208397, -0.09766416804950798, -0.46613541703995737], [0.09613634795160504, 0.92220206610016, -0.3745679536254092], [0.4664529122455402, -0.3741724997374825, -0.8015089650764112]], "id": 12}, {"trim": [true, true], "ctermNodeId": 14, "tran": [-84.97237074383226, -107.2803951849036, -44.782053946503304], "name": "D14_j1_D14", "cap": [false, false], "rot": [[0.8044455188906724, 0.1624737388428994, 0.5713752631354714], [0.13018147354924614, -0.9867052277824337, 0.09729119904371902], [0.5795862240264746, -0.0038829953936562744, -0.8149016696912009]], "id": 13}, {"trim": [true, true], "ctermNodeId": 15, "tran": [-46.113722330175406, -121.19523613822005, -26.39119324835184], "name": "D14_j5_D79", "cap": [false, false], "rot": [[0.7453195133865372, 0.5193870428787104, 0.4180142613057197], [-0.2921421283933556, -0.30916163259704654, 0.9050260005920986], [0.5992927496500006, -0.7966531143600961, -0.0786893613985005]], "id": 14}, {"trim": [true, true], "ctermNodeId": 16, "tran": [-10.039044129347715, -128.92041530800225, -11.741689001013011], "name": "D79_j2_D14", "cap": [false, false], "rot": [[0.7047897122011845, -0.6911731047327586, -0.15984742997449644], [0.5846111485671069, 0.6935041705240796, -0.4210484181620426], [0.40187220175874533, 0.2033020038262991, 0.8928421073704973]], "id": 15}, {"trim": [true, true], "ctermNodeId": 17, "tran": [-9.914475555880935, -133.68451111526815, 31.34727204733381], "name": "D14_j1_D14", "cap": [false, false], "rot": [[-0.7474199785016523, 0.663899901211281, 0.024500957292364227], [-0.44923648408669836, -0.5322332552873897, 0.7175753224098571], [0.48943840991693005, 0.5253234081381113, 0.6960498256304266]], "id": 16}, {"trim": [true, true], "ctermNodeId": 18, "tran": [-37.3058967590308, -112.68090490902036, 43.42856346439818], "name": "D14_j2_D14", "cap": [false, false], "rot": [[-0.9192866675959238, -0.08911019751336008, -0.3833684852456097], [0.3714717739527867, -0.5183499362783391, -0.7702740192403036], [-0.13007975990427165, -0.8505132075749163, 0.5096141087174444]], "id": 17}, {"trim": [true, true], "ctermNodeId": 19, "tran": [-35.74222632360845, -85.51610521150168, 25.678473468688175], "name": "D14", "cap": [false, false], "rot": [[0.4836168447996216, -0.8665576242473646, -0.12325839235047117], [0.265694313352128, 0.27951766011815277, -0.9226464163125626], [0.8339791839598882, 0.413458294802314, 0.3654188818065684]], "id": 18}, {"trim": [true, true], "ctermNodeId": 20, "tran": [-24.015395188224836, -60.62007143386358, 6.761515257899266], "name": "D14_j2_D54", "cap": [false, false], "rot": [[0.7618802473764266, -0.6043355855650187, 0.2330600538003501], [0.3952529553103623, 0.14872104561821076, -0.9064530610619898], [0.5131409065510764, 0.7827263574264083, 0.3521730532194749]], "id": 19}, {"trim": [true, true], "ctermNodeId": 21, "tran": [-11.353736262315895, -30.119454146987646, 2.63141210443637], "name": "D54", "cap": [false, false], "rot": [[0.5380095677230844, -0.04991806896829884, -0.84145938192458], [0.8425198084530917, 0.06331247199758717, 0.5349316809217051], [0.02657211701362905, -0.9967445596942237, 0.07611967759642123]], "id": 20}, {"trim": [true, false], "ctermNodeId": -1, "tran": [0, 0, 0], "name": "D54_j1_D79", "cap": [false, true], "rot": [[1, 0, 0], [0, 1, 0], [0, 0, 1]], "id": 21}], "name": "c1"}]