[{"directed": true, "nodes": [{"tran": [-263.4602664874195, 232.63586598916908, 95.76413655182112], "rot": [[0.4070092551675106, -0.9101577856792608, 0.07717688368554446], [0.010153995387778114, 0.08899492893371108, 0.9959803205895926], [-0.9133675944468665, -0.4045895547236823, 0.0454634976969332]], "id": 0, "name": "D53_j1_D79"}, {"tran": [-259.97146950696765, 225.7832132197219, 134.3736734731474], "rot": [[0.5511741463931843, 0.04785257796812421, 0.8330169212744419], [-0.5832519008985826, 0.7360252160612857, 0.34363367329196504], [-0.5966777023200525, -0.6752606993626551, 0.43358817724924303]], "id": 1, "name": "D79_j1_D54"}, {"tran": [-266.8453141167814, 182.16036875451078, 143.21537585217072], "rot": [[-0.12489801020441671, -0.3145767767594289, 0.9409792444951299], [-0.00779256689713656, -0.9480653794104159, -0.3179800501046227], [0.9921389836853163, -0.04704771925431292, 0.11596011885487228]], "id": 2, "name": "D54_j1_D79"}, {"tran": [-270.10820035393965, 143.31563062483622, 150.47647650396135], "rot": [[0.0806303307018694, -0.61963446208574, 0.7807380374790394], [-0.970294849870341, -0.22804106228808815, -0.08077857528834335], [0.22809352048228318, -0.7510328936246642, -0.6196151536298672]], "id": 3, "name": "D79_j1_D54"}, {"tran": [-237.14366397697836, 120.02506289511366, 130.49481500662137], "rot": [[0.05517836061406814, -0.9931926190368764, 0.10258542786680108], [0.8689589219846277, -0.0028386694841000815, -0.4948760792954895], [0.49179847541778643, 0.11644897357311029, 0.8628869544329141]], "id": 4, "name": "D54_j1_D79"}, {"tran": [-206.71250384064552, 98.21357133493167, 118.1750324652714], "rot": [[0.3566056817466225, -0.9207940769003745, 0.1580210609102916], [-0.20101180818971826, -0.24080070372966147, -0.9495310811403704], [0.912374178018168, 0.30684407934403346, -0.270961381486709]], "id": 5, "name": "D79_j2_D14"}, {"tran": [-164.53505236091598, 113.1074768039869, 125.4570469432709], "rot": [[-0.7106916454086782, 0.6945865969513357, -0.11165502443628923], [0.5067407504974137, 0.6155211460004113, 0.603612069637162], [0.4879868819257586, 0.37240190407931906, -0.7894210694594321]], "id": 6, "name": "D14_j2_D54"}, {"tran": [-127.80857515733928, 139.22368583379296, 113.03095513382367], "rot": [[-0.10159603322380792, 0.9659578685313461, 0.23791519971528802], [0.8637463741312722, 0.20430468071195987, -0.4606536644967291], [-0.49357922080276834, 0.15869780610191786, -0.855099151636914]], "id": 7, "name": "D54_j1_D79"}, {"tran": [-102.77790938551169, 167.4961207328965, 101.73011847965596], "rot": [[0.004867392177719754, 0.998380428296093, -0.05668182150123072], [0.7093614119205266, 0.03650465899473064, 0.703898996411982], [0.7048281320800879, -0.04363404939938183, -0.7080348677582957]], "id": 8, "name": "D79_j2_D14"}, {"tran": [-97.5332821159875, 159.53861887619638, 64.8389604481156], "rot": [[-0.5979545755309859, 0.10350238891466074, -0.7948192128342877], [-0.7468656916880061, 0.2879845392430631, 0.5993801329176314], [0.29093292041457836, 0.9520252941208642, -0.09489928963446241]], "id": 9, "name": "D14_j2_D14"}, {"tran": [-113.31726331805257, 117.8077328442299, 62.41083165638227], "rot": [[-0.5953189167606562, -0.3915405728619168, 0.7016347818843361], [-0.7995858704646059, 0.37466265513045527, -0.4693509674049423], [-0.0791064036616374, -0.8404307673173069, -0.5361140757769409]], "id": 10, "name": "D14_j3_D54"}, {"tran": [-121.14128189330108, 91.63731995674969, 49.95159410704228], "rot": [[-0.4314270960654634, -0.5563268339860905, 0.7101909000878094], [0.8276862041917816, -0.5572644793207149, 0.06627101536880461], [0.3588958179905725, 0.616406322059097, 0.7008830415657475]], "id": 11, "name": "D54"}, {"tran": [-127.38400982044712, 63.334248776056086, 34.400312393764665], "rot": [[0.4362771829565141, -0.7752802828110757, 0.45673044864110507], [-0.2778195920118076, -0.5988441115556082, -0.7511338125457847], [0.8558495743563358, 0.20081387686001914, -0.476650073884949]], "id": 12, "name": "D54_j1_D79"}, {"tran": [-130.82374730539735, 31.38576025467974, 30.545775273986962], "rot": [[0.7187156763549715, -0.6528166567112325, -0.23932862194477394], [-0.13470433216362948, -0.4684173106708173, 0.8731780837608488], [-0.6821308668122019, -0.595328174861804, -0.42459609602273346]], "id": 13, "name": "D79"}, {"tran": [-138.8851794326296, 12.296204900685364, 12.514484614064692], "rot": [[-0.1566421972505458, -0.9875461593359642, -0.01469031045644425], [-0.9838447909726746, 0.1573258893922318, -0.08542828456007473], [0.08667554047396969, 0.0010713112195086458, -0.996236017706555]], "id": 14, "name": "D79_j1_D54"}, {"tran": [-111.22230221441, 6.92308151015763, -22.617733775256454], "rot": [[-0.21141094713716513, -0.6645903986728601, -0.7166763658879894], [0.8827715355195168, 0.18491327477721545, -0.4318813458435996], [0.4195471695853517, -0.7239659403611569, 0.5475887961690822]], "id": 15, "name": "D54_j1_D79"}, {"tran": [-86.35639349019058, -3.021273261662671, -51.53779782567189], "rot": [[0.09169586356126105, -0.7363686140828979, -0.6703380735117068], [-0.16339074550523672, 0.6529243736652054, -0.7395899043099092], [0.9822908596179625, 0.17734437252850913, -0.06044535253823627]], "id": 16, "name": "D79_j2_D14"}, {"tran": [-56.306412624304116, -12.216375589716764, -45.021392314320245], "rot": [[-0.7416569078221317, 0.5131250778306836, 0.43202741299710123], [0.4272936419181243, -0.13507861268051627, 0.8939652744780701], [0.5170736646320888, 0.8476180878777662, -0.11907309707225813]], "id": 17, "name": "D14"}, {"tran": [-29.235045080959388, -10.985315276518616, -24.157558707552724], "rot": [[0.1944391453624763, 0.5995000436820032, 0.7763975247101103], [-0.03785020048967213, -0.7863288213754649, 0.6166476684437899], [0.9801840546925871, -0.1492872476119373, -0.13020190715519797]], "id": 18, "name": "D14_j5_D79"}, {"tran": [0, 0, 0], "rot": [[1, 0, 0], [0, 1, 0], [0, 0, 1]], "id": 19, "name": "D79_j1_D54"}], "edges": [[0, 1], [1, 2], [2, 3], [3, 4], [4, 5], [5, 6], [6, 7], [7, 8], [8, 9], [9, 10], [10, 11], [11, 12], [12, 13], [13, 14], [14, 15], [15, 16], [16, 17], [17, 18], [18, 19]]}]