[{"nodes": [{"tran": [-2.3539032417107535, 90.0234474052669, 73.19580233917173], "id": 0, "trim": [false, true], "cap": [true, false], "cterm_node_id": 1, "name": "D49_j1_D79", "rot": [[0.10560654741435328, -0.19418251198551817, 0.9752642765846703], [-0.894972693164853, 0.40892706577512655, 0.1783326480647977], [-0.43344104054932225, -0.8916679914158333, -0.13060267015640284]]}, {"tran": [-26.98062343622466, 118.90729248536692, 59.20351953490351], "id": 1, "trim": [true, true], "cap": [false, false], "cterm_node_id": 2, "name": "D79_j2_D14", "rot": [[-0.53831360968837, -0.0244743247569032, -0.8423891411052138], [-0.8306921950390295, -0.153036911437597, 0.5352851397515945], [-0.14201737473113585, 0.9879173604939546, 0.06205122165712096]]}, {"tran": [-16.496325352459632, 148.78466365962902, 51.632819083902085], "id": 2, "trim": [true, true], "cap": [false, false], "cterm_node_id": 3, "name": "D14", "rot": [[0.13185545434857082, -0.5433068369957359, 0.8291150825019578], [0.9691691774790768, 0.2462892208629679, 0.007261205908718732], [-0.20814717049017992, 0.8025953529397041, 0.5590308174479544]]}, {"tran": [4.18339583367576, 175.54640850714466, 54.24909704528854], "id": 3, "trim": [true, true], "cap": [false, false], "cterm_node_id": 4, "name": "D14_j5_D79", "rot": [[0.14078441400068362, -0.13569784833465368, 0.9806966109515397], [0.9640237862463199, -0.20680222851690186, -0.16700592154697833], [0.22547258885682364, 0.9689266908480716, 0.10170142298126397]]}, {"tran": [25.379851772589603, 208.7395752818468, 64.23804740197187], "id": 4, "trim": [true, true], "cap": [false, false], "cterm_node_id": 5, "name": "D79_j2_D14", "rot": [[-0.282105859470936, 0.9510560428664026, -0.12612964512543878], [-0.2551026243431497, 0.05237496402251435, 0.9654944402723824], [0.9248453574005808, 0.30454764236642123, 0.2278416081923017]]}, {"tran": [70.35275360479534, 212.75517129480983, 44.524779356716486], "id": 5, "trim": [true, true], "cap": [false, false], "cterm_node_id": 6, "name": "D14_j1_D79", "rot": [[-0.24964457200894025, -0.9167536558676712, 0.3118338052869497], [0.48506244989647673, -0.39710547756105863, -0.7791159473348195], [0.8380883052321555, -0.043243197664711464, 0.5438180012548612]]}, {"tran": [90.57778354786069, 204.85819197607245, 18.658401039120598], "id": 6, "trim": [true, true], "cap": [false, false], "cterm_node_id": 7, "name": "D79", "rot": [[-0.2686903061632772, -0.9227319961041439, -0.2763533657105564], [-0.4789106513086583, 0.37690399905414756, -0.7928353949970416], [0.8357332752960163, -0.08067861465505397, -0.5431766321375917]]}, {"tran": [109.8607116958467, 200.83871526139322, 8.897070627384096], "id": 7, "trim": [true, true], "cap": [false, false], "cterm_node_id": 8, "name": "D79", "rot": [[-0.09845190189852385, -0.7333447774872482, -0.6726906126480039], [0.19811472042079847, 0.6479998222600096, -0.7354228633266646], [0.9752219134972097, -0.20567369224862203, 0.08148958063253842]]}, {"tran": [132.8990606170581, 184.61959571000648, 13.843264352938277], "id": 8, "trim": [true, true], "cap": [false, false], "cterm_node_id": 9, "name": "D79_j2_D14", "rot": [[0.8302587980470381, 0.011229352546347854, -0.5572649548526083], [0.43225292669343723, 0.6182337307001904, 0.6564636026387813], [0.35189165325487837, -0.7859140893672286, 0.5084400736602451]]}, {"tran": [128.548613052693, 138.89318864205617, 20.026985058478807], "id": 9, "trim": [true, true], "cap": [false, false], "cterm_node_id": 10, "name": "D14_j5_D79", "rot": [[-0.8855580506784044, 0.19085466698992282, 0.42351084397785166], [-0.45865370420609136, -0.50377573447381, -0.7320155660731622], [0.0736458993882333, -0.8424870951198868, 0.5336588573796551]]}, {"tran": [118.22568119314909, 113.8240750078096, 38.65189228277723], "id": 10, "trim": [true, true], "cap": [false, false], "cterm_node_id": 11, "name": "D79", "rot": [[0.6473450358666991, -0.7616886434602765, 0.027835498242201773], [0.16673161467302391, 0.17714869975881625, 0.9699581985025396], [-0.7437371667513162, -0.6232565672316741, 0.2416739088013434]]}, {"tran": [101.21464377675812, 90.99537972714212, 35.86523295502524], "id": 11, "trim": [true, true], "cap": [false, false], "cterm_node_id": 12, "name": "D79_j2_D14", "rot": [[-0.28531001751676466, -0.5888709957770581, 0.7561938536097226], [-0.8650609187035542, 0.49790187935487534, 0.06134594906471433], [-0.4126351909815159, -0.6366511359193706, -0.6514656785251467]]}, {"tran": [104.83770891761895, 64.81869775179572, 16.850816328178503], "id": 12, "trim": [true, true], "cap": [false, false], "cterm_node_id": 13, "name": "D14", "rot": [[0.06260481117328161, 0.9739803737497282, -0.2178138406261254], [0.8342123958435799, -0.1708719391575434, -0.5243018777664785], [-0.5478780121878193, -0.14887918578124443, -0.8232039065761557]]}, {"tran": [110.24626121738041, 52.02072895881413, 3.4672148541399324], "id": 13, "trim": [true, true], "cap": [false, false], "cterm_node_id": 14, "name": "D14", "rot": [[-0.35735085928256966, 0.923322483345602, -0.1406270070737649], [0.7296900617417473, 0.18202459458625297, -0.659105045316021], [-0.5829689332763258, -0.33814588377537025, -0.738785885165955]]}, {"tran": [117.74003259315296, 42.64460738006533, -11.635532125447678], "id": 14, "trim": [true, true], "cap": [false, false], "cterm_node_id": 15, "name": "D14", "rot": [[-0.7046505039819848, 0.7095411280306825, -0.004365188527864605], [0.4752093576859236, 0.46734752270744584, -0.7454947078195427], [-0.5269190958825348, -0.5273876000174486, -0.6664972511137413]]}, {"tran": [131.34114090562468, 39.54513777514131, -45.66162884975705], "id": 15, "trim": [true, true], "cap": [false, false], "cterm_node_id": 16, "name": "D14_j1_D79", "rot": [[-0.9189921274037158, 0.3918430381120076, -0.043732176405319845], [0.2907342023255621, 0.5985505855597358, -0.7464655518670753], [-0.2663214098943471, -0.6987104049670745, -0.6639854491046011]]}, {"tran": [140.76561697447713, 54.79607334949476, -82.55724718479424], "id": 16, "trim": [true, true], "cap": [false, false], "cterm_node_id": 17, "name": "D79_j1_D54", "rot": [[0.08933532987799486, 0.9272461366549373, 0.3636396580326293], [0.9940406086023655, -0.06010540600081686, -0.09094288657677885], [-0.06246973095052053, 0.3695969997551036, -0.9270898502771983]]}, {"tran": [119.17818468371021, 48.224885308927995, -102.0261820949799], "id": 17, "trim": [true, true], "cap": [false, false], "cterm_node_id": 18, "name": "D54", "rot": [[0.45982207773631883, -0.024246676700384773, -0.887679984845463], [-0.8680505184905325, 0.19848099411858963, -0.45507536993559444], [0.18722167122043765, 0.979804773229181, 0.07021860282534059]]}, {"tran": [93.06152663322123, 39.21283115063364, -119.69020565586342], "id": 18, "trim": [true, true], "cap": [false, false], "cterm_node_id": 19, "name": "D54_j1_D79", "rot": [[-0.07515787181094126, 0.7024307559027192, -0.7077727936751924], [-0.93368906757252, -0.2987774697226404, -0.19737464042195837], [-0.35010858230041975, 0.6460054618562248, 0.6783073962824808]]}, {"tran": [59.392864445030334, 39.097733159358576, -142.0155755229251], "id": 19, "trim": [true, true], "cap": [false, false], "cterm_node_id": 20, "name": "D79_j2_D14", "rot": [[-0.2958143761280814, 0.7338046880882667, -0.611575452921091], [0.30045598170970017, -0.5362604112156435, -0.7887654749148769], [-0.9067635071675609, -0.41707966997027457, -0.061842468956799845]]}, {"tran": [29.19576247812492, 36.90132794142587, -130.04878159841854], "id": 20, "trim": [true, true], "cap": [false, false], "cterm_node_id": 21, "name": "D14", "rot": [[0.8061171510164531, -0.5684777177611052, 0.1643417878880611], [-0.19035472384378616, 0.013848562360280703, 0.9816176936215588], [-0.5603036836818711, -0.8225820942189787, -0.09704885534022026]]}, {"tran": [13.579194620974135, 34.13509982338645, -119.06552060801855], "id": 21, "trim": [true, true], "cap": [false, false], "cterm_node_id": 22, "name": "D14", "rot": [[0.706799168056857, -0.6644177991065461, -0.24286606239767103], [0.05491045385360017, -0.29075121135718957, 0.9552217413521938], [-0.705279928887621, -0.6884858178094456, -0.1690192314014361]]}, {"tran": [0.7975628830721035, 29.410325865894116, -105.41020542350054], "id": 22, "trim": [true, true], "cap": [false, false], "cterm_node_id": 23, "name": "D14", "rot": [[0.4976971962284845, -0.6117431778797713, -0.6148721697913023], [0.22815863721506818, -0.591603365556321, 0.7732716819634587], [-0.8368041211242147, -0.5251435443571533, -0.15486484652605337]]}, {"tran": [-8.991676629138258, 21.70075962839043, -90.68286317096249], "id": 23, "trim": [true, true], "cap": [false, false], "cterm_node_id": 24, "name": "D14", "rot": [[0.21882281714502186, -0.4205331225245757, -0.8804933092059501], [0.2962388532135445, -0.8311399566345916, 0.4705835891020562], [-0.929709156964392, -0.3638107548508972, -0.05729413679758154]]}, {"tran": [-22.355373514385395, 0.27066666845792975, -67.97669851053895], "id": 24, "trim": [true, true], "cap": [false, false], "cterm_node_id": 25, "name": "D14_j1_D18", "rot": [[0.047490637009461566, 0.2398594994064288, -0.9696453268803662], [-0.24347997352546052, -0.938680255927621, -0.24412472145134573], [-0.9687425570751379, 0.2476828570494001, 0.013822461263100494]]}, {"tran": [-33.88474773739129, -2.8221063359617364, -33.90163415633949], "id": 25, "trim": [true, true], "cap": [false, false], "cterm_node_id": 26, "name": "D18_j1_D14", "rot": [[0.009954391571417254, 0.3701120620868556, -0.9289337821321059], [-0.9999276675253219, -0.002587088174801064, -0.011745922362489225], [-0.006750541149620426, 0.9289835135633957, 0.3700595380767744]]}, {"tran": [0, 0, 0], "id": 26, "trim": [true, false], "cap": [false, true], "cterm_node_id": -1, "name": "D14_j4_D79", "rot": [[1, 0, 0], [0, 1, 0], [0, 0, 1]]}], "name": "c1"}]